
25 2.2E-08 6.22364E-13 3.58316E-12 0 3.58316E-12 1.76E-07 0 6.22364E-13 3.58316E-12 6.22364E-13
25 2.2E-08 1.04275E-17 4.54919E-17 0 4.54919E-17 2.2E-08 0 1.04275E-17 4.54919E-17 1.04275E-17
25 2.2E-08 7.32359E-16 3.83211E-15 0 3.83211E-15 4.4E-08 0 7.32359E-16 3.83211E-15 7.32359E-16
25 2.2E-08 2.52323E-14 1.3799E-13 0 1.3799E-13 6.6E-08 0 2.52323E-14 1.3799E-13 2.52323E-14
25 2.2E-08 1.03626E-13 5.78623E-13 0 5.78623E-13 8.8E-08 0 1.03626E-13 5.78623E-13 1.03626E-13
25 2.2E-08 3.55663E-13 2.02716E-12 0 2.02716E-12 1.32E-07 0 3.55663E-13 2.02716E-12 3.55663E-13
25 2.2E-08 6.22364E-13 3.58322E-12 0 3.58322E-12 1.76E-07 0 6.22364E-13 3.58322E-12 6.22364E-13
25 4.4E-08 4.55773E-13 2.62186E-12 0 2.62186E-12 1.76E-07 0 4.55773E-13 2.62186E-12 4.55773E-13
25 4.4E-08 6.26181E-18 3.66684E-17 0 3.66684E-17 2.2E-08 0 6.26181E-18 3.66684E-17 6.26181E-18
25 4.4E-08 4.80007E-16 2.51723E-15 0 2.51723E-15 4.4E-08 0 4.80007E-16 2.51723E-15 4.80007E-16
25 4.4E-08 1.75477E-14 9.60135E-14 0 9.60135E-14 6.6E-08 0 1.75477E-14 9.60135E-14 1.75477E-14
25 4.4E-08 7.37459E-14 4.11663E-13 0 4.11663E-13 8.8E-08 0 7.37459E-14 4.11663E-13 7.37459E-14
25 4.4E-08 2.5815E-13 1.47037E-12 0 1.47037E-12 1.32E-07 0 2.5815E-13 1.47037E-12 2.5815E-13
25 4.4E-08 4.55773E-13 2.62185E-12 0 2.62185E-12 1.76E-07 0 4.55773E-13 2.62185E-12 4.55773E-13
25 6.6E-08 3.17282E-13 1.82405E-12 0 1.82405E-12 1.76E-07 0 3.17282E-13 1.82405E-12 3.17282E-13
25 6.6E-08 -1.08474E-18 1.06301E-17 0 1.06301E-17 2.2E-08 0 -1.08474E-18 1.06301E-17 -1.08474E-18
25 6.6E-08 2.92833E-16 1.55065E-15 0 1.55065E-15 4.4E-08 0 2.92833E-16 1.55065E-15 2.92833E-16
25 6.6E-08 1.15054E-14 6.29885E-14 0 6.29885E-14 6.6E-08 0 1.15054E-14 6.29885E-14 1.15054E-14
25 6.6E-08 4.96547E-14 2.77183E-13 0 2.77183E-13 8.8E-08 0 4.96547E-14 2.77183E-13 4.96547E-14
25 6.6E-08 1.77849E-13 1.01256E-12 0 1.01256E-12 1.32E-07 0 1.77849E-13 1.01256E-12 1.77849E-13
25 6.6E-08 3.17283E-13 1.82406E-12 0 1.82406E-12 1.76E-07 0 3.17283E-13 1.82406E-12 3.17283E-13
25 8.8E-08 2.64443E-13 1.52003E-12 0 1.52003E-12 1.76E-07 0 2.64443E-13 1.52003E-12 2.64443E-13
25 8.8E-08 2.73896E-18 1.72483E-17 0 1.72483E-17 2.2E-08 0 2.73896E-18 1.72483E-17 2.73896E-18
25 8.8E-08 2.28337E-16 1.20303E-15 0 1.20303E-15 4.4E-08 0 2.28337E-16 1.20303E-15 2.28337E-16
25 8.8E-08 9.30822E-15 5.09662E-14 0 5.09662E-14 6.6E-08 0 9.30822E-15 5.09662E-14 9.30822E-15
25 8.8E-08 4.06887E-14 2.27184E-13 0 2.27184E-13 8.8E-08 0 4.06887E-14 2.27184E-13 4.06887E-14
25 8.8E-08 1.4746E-13 8.39479E-13 0 8.39479E-13 1.32E-07 0 1.4746E-13 8.39479E-13 1.4746E-13
25 8.8E-08 2.64443E-13 1.52004E-12 0 1.52004E-12 1.76E-07 0 2.64443E-13 1.52004E-12 2.64443E-13
25 1.32E-07 2.20243E-13 1.26588E-12 0 1.26588E-12 1.76E-07 0 2.20243E-13 1.26588E-12 2.20243E-13
25 1.32E-07 3.22157E-18 1.46437E-17 0 1.46437E-17 2.2E-08 0 3.22157E-18 1.46437E-17 3.22157E-18
25 1.32E-07 1.85569E-16 9.49906E-16 0 9.49906E-16 4.4E-08 0 1.85569E-16 9.49906E-16 1.85569E-16
25 1.32E-07 7.52135E-15 4.11931E-14 0 4.11931E-14 6.6E-08 0 7.52135E-15 4.11931E-14 7.52135E-15
25 1.32E-07 3.33186E-14 1.86081E-13 0 1.86081E-13 8.8E-08 0 3.33186E-14 1.86081E-13 3.33186E-14
25 1.32E-07 1.22162E-13 6.95496E-13 0 6.95496E-13 1.32E-07 0 1.22162E-13 6.95496E-13 1.22162E-13
25 1.32E-07 2.20245E-13 1.26589E-12 0 1.26589E-12 1.76E-07 0 2.20245E-13 1.26589E-12 2.20245E-13
25 1.76E-07 2.00941E-13 1.15495E-12 0 1.15495E-12 1.76E-07 0 2.00941E-13 1.15495E-12 2.00941E-13
25 1.76E-07 8.23606E-18 1.22497E-17 0 1.22497E-17 2.2E-08 0 8.23606E-18 1.22497E-17 8.23606E-18
25 1.76E-07 1.59627E-16 8.32572E-16 0 8.32572E-16 4.4E-08 0 1.59627E-16 8.32572E-16 1.59627E-16
25 1.76E-07 6.75447E-15 3.70136E-14 0 3.70136E-14 6.6E-08 0 6.75447E-15 3.70136E-14 6.75447E-15
25 1.76E-07 3.01477E-14 1.68356E-13 0 1.68356E-13 8.8E-08 0 3.01477E-14 1.68356E-13 3.01477E-14
25 1.76E-07 1.11163E-13 6.32915E-13 0 6.32915E-13 1.32E-07 0 1.11163E-13 6.32915E-13 1.11163E-13
25 1.76E-07 2.00941E-13 1.15495E-12 0 1.15495E-12 1.76E-07 0 2.00941E-13 1.15495E-12 2.00941E-13
25 4.4E-08 -1.059E-19 2.93602E-18 2.93602E-18 2.93602E-18 4.4E-08 2.93602E-18 -1.059E-19 0 -1.059E-19
25 4.4E-08 1.5598E-14 1.56015E-14 1.56015E-14 1.56015E-14 4.4E-08 0 1.5598E-14 0 1.5598E-14
