
25 2.2E-08 1.97571E-15 1.97303E-15 1.97303E-15 1.97303E-15 1.76E-07 0 1.97571E-15 0 1.97571E-15
25 2.2E-08 3.37035E-14 3.37032E-14 3.37032E-14 3.37032E-14 2.2E-08 0 3.37035E-14 0 3.37035E-14
25 2.2E-08 1.56022E-14 1.5604E-14 1.5604E-14 1.5604E-14 4.4E-08 0 1.56022E-14 0 1.56022E-14
25 2.2E-08 6.30476E-15 6.2986E-15 6.2986E-15 6.2986E-15 6.6E-08 0 6.30476E-15 0 6.30476E-15
25 2.2E-08 3.9842E-15 3.98134E-15 3.98134E-15 3.98134E-15 8.8E-08 0 3.9842E-15 0 3.9842E-15
25 2.2E-08 2.50723E-15 2.50558E-15 2.50558E-15 2.50558E-15 1.32E-07 0 2.50723E-15 0 2.50723E-15
25 2.2E-08 1.98068E-15 1.97579E-15 1.97579E-15 1.97579E-15 1.76E-07 0 1.98068E-15 0 1.98068E-15
25 4.4E-08 1.98733E-15 1.99121E-15 1.99121E-15 1.99121E-15 1.76E-07 0 1.98733E-15 0 1.98733E-15
25 4.4E-08 3.37115E-14 3.37138E-14 3.37138E-14 3.37138E-14 2.2E-08 0 3.37115E-14 0 3.37115E-14
25 4.4E-08 1.5601E-14 1.56027E-14 1.56027E-14 1.56027E-14 4.4E-08 0 1.5601E-14 0 1.5601E-14
25 4.4E-08 6.30396E-15 6.30695E-15 6.30695E-15 6.30695E-15 6.6E-08 0 6.30396E-15 0 6.30396E-15
25 4.4E-08 3.9754E-15 3.98113E-15 3.98113E-15 3.98113E-15 8.8E-08 0 3.9754E-15 0 3.9754E-15
25 4.4E-08 2.50618E-15 2.50863E-15 2.50863E-15 2.50863E-15 1.32E-07 0 2.50618E-15 0 2.50618E-15
25 4.4E-08 1.98376E-15 1.98997E-15 1.98997E-15 1.98997E-15 1.76E-07 0 1.98376E-15 0 1.98376E-15
25 6.6E-08 1.98382E-15 1.98E-15 1.98E-15 1.98E-15 1.76E-07 0 1.98382E-15 0 1.98382E-15
25 6.6E-08 3.37044E-14 3.37042E-14 3.37042E-14 3.37042E-14 2.2E-08 0 3.37044E-14 0 3.37044E-14
25 6.6E-08 1.55946E-14 1.55919E-14 1.55919E-14 1.55919E-14 4.4E-08 0 1.55946E-14 0 1.55946E-14
25 6.6E-08 6.31031E-15 6.30104E-15 6.30104E-15 6.30104E-15 6.6E-08 0 6.31031E-15 0 6.31031E-15
25 6.6E-08 3.98621E-15 3.98156E-15 3.98156E-15 3.98156E-15 8.8E-08 0 3.98621E-15 0 3.98621E-15
25 6.6E-08 2.49652E-15 2.48762E-15 2.48762E-15 2.48762E-15 1.32E-07 0 2.49652E-15 0 2.49652E-15
25 6.6E-08 1.98902E-15 1.99123E-15 1.99123E-15 1.99123E-15 1.76E-07 0 1.98902E-15 0 1.98902E-15
25 8.8E-08 1.97728E-15 1.97172E-15 1.97172E-15 1.97172E-15 1.76E-07 0 1.97728E-15 0 1.97728E-15
25 8.8E-08 3.37113E-14 3.37062E-14 3.37062E-14 3.37062E-14 2.2E-08 0 3.37113E-14 0 3.37113E-14
25 8.8E-08 1.56009E-14 1.5604E-14 1.5604E-14 1.5604E-14 4.4E-08 0 1.56009E-14 0 1.56009E-14
25 8.8E-08 6.30005E-15 6.29907E-15 6.29907E-15 6.29907E-15 6.6E-08 0 6.30005E-15 0 6.30005E-15
25 8.8E-08 3.98502E-15 3.98456E-15 3.98456E-15 3.98456E-15 8.8E-08 0 3.98502E-15 0 3.98502E-15
25 8.8E-08 2.50369E-15 2.50811E-15 2.50811E-15 2.50811E-15 1.32E-07 0 2.50369E-15 0 2.50369E-15
25 8.8E-08 1.98269E-15 1.98753E-15 1.98753E-15 1.98753E-15 1.76E-07 0 1.98269E-15 0 1.98269E-15
25 1.32E-07 1.98166E-15 1.97665E-15 1.97665E-15 1.97665E-15 1.76E-07 0 1.98166E-15 0 1.98166E-15
25 1.32E-07 3.37057E-14 3.37015E-14 3.37015E-14 3.37015E-14 2.2E-08 0 3.37057E-14 0 3.37057E-14
25 1.32E-07 1.5604E-14 1.56037E-14 1.56037E-14 1.56037E-14 4.4E-08 0 1.5604E-14 0 1.5604E-14
25 1.32E-07 6.30409E-15 6.30499E-15 6.30499E-15 6.30499E-15 6.6E-08 0 6.30409E-15 0 6.30409E-15
25 1.32E-07 3.98345E-15 3.98454E-15 3.98454E-15 3.98454E-15 8.8E-08 0 3.98345E-15 0 3.98345E-15
25 1.32E-07 2.50412E-15 2.50828E-15 2.50828E-15 2.50828E-15 1.32E-07 0 2.50412E-15 0 2.50412E-15
25 1.32E-07 1.97833E-15 1.97816E-15 1.97816E-15 1.97816E-15 1.76E-07 0 1.97833E-15 0 1.97833E-15
25 1.76E-07 1.97619E-15 1.97764E-15 1.97764E-15 1.97764E-15 1.76E-07 0 1.97619E-15 0 1.97619E-15
25 1.76E-07 3.37085E-14 3.37064E-14 3.37064E-14 3.37064E-14 2.2E-08 0 3.37085E-14 0 3.37085E-14
25 1.76E-07 1.55986E-14 1.5599E-14 1.5599E-14 1.5599E-14 4.4E-08 0 1.55986E-14 0 1.55986E-14
25 1.76E-07 6.30441E-15 6.30409E-15 6.30409E-15 6.30409E-15 6.6E-08 0 6.30441E-15 0 6.30441E-15
25 1.76E-07 3.98532E-15 3.98759E-15 3.98759E-15 3.98759E-15 8.8E-08 0 3.98532E-15 0 3.98532E-15
25 1.76E-07 2.50433E-15 2.5002E-15 2.5002E-15 2.5002E-15 1.32E-07 0 2.50433E-15 0 2.50433E-15
25 1.76E-07 1.98266E-15 1.98189E-15 1.98189E-15 1.98189E-15 1.76E-07 0 1.98266E-15 0 1.98266E-15
