
25 2.2E-08 0.05 0.8 0.05 0.8 0.8 -7.0876E-17 4.95622E-14 -7.08763E-17 -4.9396E-14
25 2.2E-08 0.1 0.8 0.1 0.8 0.8 -4.83674E-17 1.94769E-14 -4.8366E-17 -1.93645E-14
25 2.2E-08 0.15 0.8 0.15 0.8 0.8 -3.20133E-17 7.65827E-15 -3.20115E-17 -7.56284E-15
25 2.2E-08 0.2 0.8 0.2 0.8 0.8 -2.03314E-17 3.03558E-15 -2.03325E-17 -2.95541E-15
25 2.2E-08 0.25 0.8 0.25 0.8 0.8 -1.21806E-17 1.47609E-15 -1.21802E-17 -1.17906E-15
25 2.2E-08 0.3 0.8 0.3 0.8 0.8 -6.73586E-18 5.31645E-16 -6.73704E-18 -5.24025E-16
25 2.2E-08 0.35 0.8 0.35 0.8 0.8 -3.5537E-18 7.92296E-17 -3.55365E-18 -2.4647E-16
25 2.2E-08 0.4 0.8 0.4 0.8 0.8 -1.99258E-18 -1.032E-16 -1.99286E-18 -1.24345E-16
25 2.2E-08 0.45 0.8 0.45 0.8 0.8 -1.13998E-18 -6.35855E-17 -1.13997E-18 -1.02141E-16
25 2.2E-08 0.5 0.8 0.5 0.8 0.8 -6.07938E-19 -2.93957E-16 -6.07916E-19 -1.33227E-17
25 2.2E-08 0.55 0.8 0.55 0.8 0.8 -2.76612E-19 5.07675E-16 -2.76615E-19 -1.33227E-17
25 2.2E-08 0.6 0.8 0.6 0.8 0.8 -8.49435E-20 7.92296E-17 -8.49436E-20 -3.55271E-17
25 2.2E-08 0.65 0.8 0.65 0.8 0.8 -2.11993E-20 1.42815E-16 -2.11993E-20 -1.33227E-17
25 2.2E-08 0.7 0.8 0.7 0.8 0.8 -6.91038E-20 2.06401E-16 -6.91036E-20 -1.33227E-17
25 2.2E-08 0.75 0.8 0.75 0.8 0.8 -7.34038E-20 3.17928E-16 -7.34038E-20 8.88178E-18
25 2.2E-08 0.8 0.8 0.8 0.8 0.8 -1.03065E-26 -1.10518E-16 5.87183E-28 3.10862E-17
