
25 4.4E-08 0.05 0.8 0.05 0.8 0.8 -2.00809E-16 1.40439E-13 -2.00813E-16 -1.40068E-13
25 4.4E-08 0.1 0.8 0.1 0.8 0.8 -1.37041E-16 5.5159E-14 -1.3705E-16 -5.48916E-14
25 4.4E-08 0.15 0.8 0.15 0.8 0.8 -9.07042E-17 2.16652E-14 -9.07023E-17 -2.14406E-14
25 4.4E-08 0.2 0.8 0.2 0.8 0.8 -5.76086E-17 8.59073E-15 -5.76043E-17 -8.51763E-15
25 4.4E-08 0.25 0.8 0.25 0.8 0.8 -3.45078E-17 3.56722E-15 -3.45154E-17 -3.42171E-15
25 4.4E-08 0.3 0.8 0.3 0.8 0.8 -1.90844E-17 1.61891E-15 -1.90842E-17 -1.53433E-15
25 4.4E-08 0.35 0.8 0.35 0.8 0.8 -1.00704E-17 7.77661E-16 -1.00707E-17 -7.57172E-16
25 4.4E-08 0.4 0.8 0.4 0.8 0.8 -5.6462E-18 4.40431E-16 -5.64631E-18 -4.57412E-16
25 4.4E-08 0.45 0.8 0.45 0.8 0.8 -3.22985E-18 2.14223E-16 -3.23002E-18 -2.68674E-16
25 4.4E-08 0.5 0.8 0.5 0.8 0.8 -1.72252E-18 2.22045E-16 -1.72255E-18 -2.24265E-16
25 4.4E-08 0.55 0.8 0.55 0.8 0.8 -7.83763E-19 2.53837E-16 -7.83748E-19 -2.02061E-16
25 4.4E-08 0.6 0.8 0.6 0.8 0.8 -2.40676E-19 3.96148E-17 -2.4067E-19 -1.02141E-16
25 4.4E-08 0.65 0.8 0.65 0.8 0.8 -6.00633E-20 7.14075E-17 -6.00635E-20 -5.77316E-17
25 4.4E-08 0.7 0.8 0.7 0.8 0.8 -1.95794E-19 -1.42815E-16 -1.95794E-19 -5.77316E-17
25 4.4E-08 0.75 0.8 0.75 0.8 0.8 -2.07977E-19 -8.70516E-17 -2.07977E-19 -3.55271E-17
25 4.4E-08 0.8 0.8 0.8 0.8 0.8 1.04094E-26 -5.52588E-17 4.52957E-27 -1.33227E-17
