
25 6.6E-08 0.05 0.8 0.05 0.8 0.8 -3.30753E-16 2.31322E-13 -3.30742E-16 -2.30629E-13
25 6.6E-08 0.1 0.8 0.1 0.8 0.8 -2.25719E-16 9.08327E-14 -2.25714E-16 -9.04188E-14
25 6.6E-08 0.15 0.8 0.15 0.8 0.8 -1.49397E-16 3.56252E-14 -1.49391E-16 -3.53739E-14
25 6.6E-08 0.2 0.8 0.2 0.8 0.8 -9.48761E-17 1.4129E-14 -9.48783E-17 -1.39355E-14
25 6.6E-08 0.25 0.8 0.25 0.8 0.8 -5.68362E-17 5.82236E-15 -5.68462E-17 -5.66436E-15
25 6.6E-08 0.3 0.8 0.3 0.8 0.8 -3.14356E-17 2.55906E-15 -3.14352E-17 -2.51132E-15
25 6.6E-08 0.35 0.8 0.35 0.8 0.8 -1.65872E-17 1.26389E-15 -1.65865E-17 -1.20126E-15
25 6.6E-08 0.4 0.8 0.4 0.8 0.8 -9.29845E-18 6.51247E-16 -9.29885E-18 -6.90559E-16
25 6.6E-08 0.45 0.8 0.45 0.8 0.8 -5.31975E-18 4.48631E-16 -5.32003E-18 -4.79616E-16
25 6.6E-08 0.5 0.8 0.5 0.8 0.8 -2.83701E-18 4.39043E-16 -2.83702E-18 -3.13083E-16
25 6.6E-08 0.55 0.8 0.55 0.8 0.8 -1.29086E-18 1.54422E-16 -1.29088E-18 -1.68754E-16
25 6.6E-08 0.6 0.8 0.6 0.8 0.8 -3.96415E-19 1.97822E-16 -3.96415E-19 -1.24345E-16
25 6.6E-08 0.65 0.8 0.65 0.8 0.8 -9.89266E-20 -3.38113E-17 -9.8928E-20 -5.77316E-17
25 6.6E-08 0.7 0.8 0.7 0.8 0.8 -3.22485E-19 1.73599E-16 -3.22483E-19 -5.77316E-17
25 6.6E-08 0.75 0.8 0.75 0.8 0.8 -3.42551E-19 -5.80344E-17 -3.42551E-19 -3.55271E-17
25 6.6E-08 0.8 0.8 0.8 0.8 0.8 -6.53119E-27 9.63875E-17 -3.14219E-26 -1.33227E-17
