
25 8.8E-08 0.05 0.8 0.05 0.8 0.8 -4.607E-16 3.22185E-13 -4.60682E-16 -3.21223E-13
25 8.8E-08 0.1 0.8 0.1 0.8 0.8 -3.14397E-16 1.26524E-13 -3.14399E-16 -1.25824E-13
25 8.8E-08 0.15 0.8 0.15 0.8 0.8 -2.08084E-16 4.96723E-14 -2.08082E-16 -4.91629E-14
25 8.8E-08 0.2 0.8 0.2 0.8 0.8 -1.3215E-16 1.96713E-14 -1.32151E-16 -1.93867E-14
25 8.8E-08 0.25 0.8 0.25 0.8 0.8 -7.91694E-17 8.11851E-15 -7.91636E-17 -7.8626E-15
25 8.8E-08 0.3 0.8 0.3 0.8 0.8 -4.37821E-17 3.51562E-15 -4.37808E-17 -3.3995E-15
25 8.8E-08 0.35 0.8 0.35 0.8 0.8 -2.31007E-17 1.80342E-15 -2.31002E-17 -1.66755E-15
25 8.8E-08 0.4 0.8 0.4 0.8 0.8 -1.29527E-17 9.58261E-16 -1.29521E-17 -9.4591E-16
25 8.8E-08 0.45 0.8 0.45 0.8 0.8 -7.40898E-18 5.99142E-16 -7.40996E-18 -5.4623E-16
25 8.8E-08 0.5 0.8 0.5 0.8 0.8 -3.95165E-18 4.80045E-16 -3.95165E-18 -3.79696E-16
25 8.8E-08 0.55 0.8 0.55 0.8 0.8 -1.79802E-18 3.72934E-16 -1.79805E-18 -2.68674E-16
25 8.8E-08 0.6 0.8 0.6 0.8 0.8 -5.52145E-19 1.42815E-16 -5.5214E-19 -1.46549E-16
25 8.8E-08 0.65 0.8 0.65 0.8 0.8 -1.37793E-19 1.58711E-16 -1.37793E-19 -5.77316E-17
25 8.8E-08 0.7 0.8 0.7 0.8 0.8 -4.49174E-19 5.16001E-17 -4.49175E-19 -3.55271E-17
25 8.8E-08 0.75 0.8 0.75 0.8 0.8 -4.77125E-19 7.94819E-17 -4.77125E-19 -1.33227E-17
25 8.8E-08 0.8 0.8 0.8 0.8 0.8 6.44158E-26 9.53783E-17 5.00446E-27 8.65974E-17
