
25 1.32E-07 0.01 0.8 0.8 0.01 0.8 -9.61398E-16 1.06055E-12 -9.61384E-16 -1.0586E-12
25 1.32E-07 0.02 0.8 0.8 0.02 0.8 -8.95699E-16 8.80855E-13 -8.95647E-16 -8.78999E-13
25 1.32E-07 0.03 0.8 0.8 0.03 0.8 -8.33739E-16 7.31421E-13 -8.3374E-16 -7.29763E-13
25 1.32E-07 0.04 0.8 0.8 0.04 0.8 -7.75441E-16 6.07195E-13 -7.75399E-16 -6.05629E-13
25 1.32E-07 0.05 0.8 0.8 0.05 0.8 -7.20551E-16 5.0394E-13 -7.20551E-16 -5.02511E-13
25 1.32E-07 0.06 0.8 0.8 0.06 0.8 -6.68932E-16 4.18162E-13 -6.68943E-16 -4.16847E-13
25 1.32E-07 0.07 0.8 0.8 0.07 0.8 -6.20413E-16 3.46926E-13 -6.20396E-16 -3.45648E-13
25 1.32E-07 0.08 0.8 0.8 0.08 0.8 -5.74783E-16 2.87774E-13 -5.74782E-16 -2.86584E-13
25 1.32E-07 0.09 0.8 0.8 0.09 0.8 -5.31971E-16 2.38681E-13 -5.31954E-16 -2.37601E-13
25 1.32E-07 0.1 0.8 0.8 0.1 0.8 -4.91737E-16 1.97929E-13 -4.91735E-16 -1.969E-13
25 1.32E-07 0.11 0.8 0.8 0.11 0.8 -4.54012E-16 1.64127E-13 -4.54026E-16 -1.63227E-13
25 1.32E-07 0.12 0.8 0.8 0.12 0.8 -4.18641E-16 1.3612E-13 -4.18643E-16 -1.35272E-13
25 1.32E-07 0.13 0.8 0.8 0.13 0.8 -3.85524E-16 1.12876E-13 -3.85504E-16 -1.12079E-13
25 1.32E-07 0.14 0.8 0.8 0.14 0.8 -3.54474E-16 9.36292E-14 -3.54475E-16 -9.29168E-14
25 1.32E-07 0.15 0.8 0.8 0.15 0.8 -3.25456E-16 7.77041E-14 -3.25457E-16 -7.69962E-14
25 1.32E-07 0.16 0.8 0.8 0.16 0.8 -2.98332E-16 6.44917E-14 -2.98321E-16 -6.38845E-14
25 1.32E-07 0.17 0.8 0.8 0.17 0.8 -2.72984E-16 5.35484E-14 -2.72973E-16 -5.2971E-14
25 1.32E-07 0.18 0.8 0.8 0.18 0.8 -2.49329E-16 4.44911E-14 -2.493E-16 -4.40004E-14
25 1.32E-07 0.19 0.8 0.8 0.19 0.8 -2.27239E-16 3.70125E-14 -2.27253E-16 -3.64953E-14
25 1.32E-07 0.2 0.8 0.8 0.2 0.8 -2.06694E-16 3.0846E-14 -2.06726E-16 -3.03446E-14
25 1.32E-07 0.21 0.8 0.8 0.21 0.8 -1.87577E-16 2.56562E-14 -1.87593E-16 -2.52487E-14
25 1.32E-07 0.22 0.8 0.8 0.22 0.8 -1.6979E-16 2.14373E-14 -1.6981E-16 -2.11187E-14
25 1.32E-07 0.23 0.8 0.8 0.23 0.8 -1.533E-16 1.79154E-14 -1.53298E-16 -1.75882E-14
25 1.32E-07 0.24 0.8 0.8 0.24 0.8 -1.37997E-16 1.50086E-14 -1.37994E-16 -1.47349E-14
25 1.32E-07 0.25 0.8 0.8 0.25 0.8 -1.23829E-16 1.2642E-14 -1.23823E-16 -1.23479E-14
25 1.32E-07 0.26 0.8 0.8 0.26 0.8 -1.10752E-16 1.06505E-14 -1.1074E-16 -1.03828E-14
25 1.32E-07 0.27 0.8 0.8 0.27 0.8 -9.87063E-17 8.97373E-15 -9.87148E-17 -8.79519E-15
25 1.32E-07 0.28 0.8 0.8 0.28 0.8 -8.76736E-17 7.62499E-15 -8.76842E-17 -7.44071E-15
25 1.32E-07 0.29 0.8 0.8 0.29 0.8 -7.76068E-17 6.52226E-15 -7.75949E-17 -6.31939E-15
25 1.32E-07 0.3 0.8 0.8 0.3 0.8 -6.84817E-17 5.54254E-15 -6.84787E-17 -5.40901E-15
25 1.32E-07 0.31 0.8 0.8 0.31 0.8 -6.02738E-17 4.76783E-15 -6.02836E-17 -4.60965E-15
25 1.32E-07 0.32 0.8 0.8 0.32 0.8 -5.29804E-17 4.12937E-15 -5.2972E-17 -4.03233E-15
25 1.32E-07 0.33 0.8 0.8 0.33 0.8 -4.65536E-17 3.55968E-15 -4.65582E-17 -3.46612E-15
25 1.32E-07 0.34 0.8 0.8 0.34 0.8 -4.0962E-17 3.18175E-15 -4.09633E-17 -3.02203E-15
25 1.32E-07 0.35 0.8 0.8 0.35 0.8 -3.6133E-17 2.76155E-15 -3.61351E-17 -2.62235E-15
25 1.32E-07 0.36 0.8 0.8 0.36 0.8 -3.19802E-17 2.39687E-15 -3.19792E-17 -2.32259E-15
25 1.32E-07 0.37 0.8 0.8 0.37 0.8 -2.84137E-17 2.11419E-15 -2.84123E-17 -2.08944E-15
25 1.32E-07 0.38 0.8 0.8 0.38 0.8 -2.5325E-17 1.91352E-15 -2.53239E-17 -1.8785E-15
25 1.32E-07 0.39 0.8 0.8 0.39 0.8 -2.26313E-17 1.71285E-15 -2.26332E-17 -1.66755E-15
25 1.32E-07 0.4 0.8 0.8 0.4 0.8 -2.02576E-17 1.51217E-15 -2.02612E-17 -1.47882E-15
25 1.32E-07 0.41 0.8 0.8 0.41 0.8 -1.81505E-17 1.3525E-15 -1.81491E-17 -1.36779E-15
25 1.32E-07 0.42 0.8 0.8 0.42 0.8 -1.62569E-17 1.27484E-15 -1.62567E-17 -1.22347E-15
25 1.32E-07 0.43 0.8 0.8 0.43 0.8 -1.455E-17 1.19717E-15 -1.45495E-17 -1.07914E-15
25 1.32E-07 0.44 0.8 0.8 0.44 0.8 -1.30004E-17 1.07851E-15 -1.29994E-17 -9.90319E-16
25 1.32E-07 0.45 0.8 0.8 0.45 0.8 -1.15904E-17 1.04184E-15 -1.15895E-17 -9.4591E-16
25 1.32E-07 0.46 0.8 0.8 0.46 0.8 -1.03025E-17 9.64178E-16 -1.03028E-17 -8.23785E-16
25 1.32E-07 0.47 0.8 0.8 0.47 0.8 -9.12712E-18 8.45511E-16 -9.12717E-18 -8.01581E-16
25 1.32E-07 0.48 0.8 0.8 0.48 0.8 -8.05383E-18 7.94339E-16 -8.0538E-18 -7.79377E-16
25 1.32E-07 0.49 0.8 0.8 0.49 0.8 -7.07357E-18 6.75672E-16 -7.07382E-18 -7.34968E-16
25 1.32E-07 0.5 0.8 0.8 0.5 0.8 -6.18068E-18 7.35523E-16 -6.18071E-18 -6.12843E-16
25 1.32E-07 0.51 0.8 0.8 0.51 0.8 -5.36782E-18 5.75852E-16 -5.36776E-18 -5.68434E-16
25 1.32E-07 0.52 0.8 0.8 0.52 0.8 -4.62966E-18 5.80192E-16 -4.62966E-18 -5.68434E-16
25 1.32E-07 0.53 0.8 0.8 0.53 0.8 -3.96056E-18 5.84532E-16 -3.96072E-18 -5.01821E-16
25 1.32E-07 0.54 0.8 0.8 0.54 0.8 -3.35624E-18 5.06867E-16 -3.35627E-18 -5.01821E-16
25 1.32E-07 0.55 0.8 0.8 0.55 0.8 -2.81232E-18 4.29202E-16 -2.8123E-18 -4.57412E-16
25 1.32E-07 0.56 0.8 0.8 0.56 0.8 -2.32442E-18 5.15547E-16 -2.32443E-18 -4.57412E-16
25 1.32E-07 0.57 0.8 0.8 0.57 0.8 -1.88897E-18 3.00366E-16 -1.88895E-18 -3.57492E-16
25 1.32E-07 0.58 0.8 0.8 0.58 0.8 -1.50233E-18 3.86711E-16 -1.5023E-18 -3.57492E-16
25 1.32E-07 0.59 0.8 0.8 0.59 0.8 -1.16147E-18 3.91051E-16 -1.16147E-18 -3.13083E-16
25 1.32E-07 0.6 0.8 0.8 0.6 0.8 -8.63611E-19 2.31381E-16 -8.63585E-19 -3.13083E-16
25 1.32E-07 0.61 0.8 0.8 0.61 0.8 -6.06857E-19 2.35721E-16 -6.06857E-19 -2.68674E-16
25 1.32E-07 0.62 0.8 0.8 0.62 0.8 -3.91537E-19 2.4006E-16 -3.91531E-19 -1.90958E-16
25 1.32E-07 0.63 0.8 0.8 0.63 0.8 -2.26196E-19 3.26406E-16 -2.26191E-19 -1.90958E-16
25 1.32E-07 0.64 0.8 0.8 0.64 0.8 -1.54756E-19 2.4874E-16 -1.5476E-19 -1.68754E-16
25 1.32E-07 0.65 0.8 0.8 0.65 0.8 -2.15515E-19 1.71075E-16 -2.15524E-19 -1.68754E-16
25 1.32E-07 0.66 0.8 0.8 0.66 0.8 -3.24343E-19 1.75415E-16 -3.24347E-19 -1.46549E-16
25 1.32E-07 0.67 0.8 0.8 0.67 0.8 -4.35898E-19 1.79755E-16 -4.35898E-19 -1.24345E-16
25 1.32E-07 0.68 0.8 0.8 0.68 0.8 -5.38848E-19 1.84095E-16 -5.38847E-19 -7.99361E-17
25 1.32E-07 0.69 0.8 0.8 0.69 0.8 -6.28701E-19 5.09189E-17 -6.28702E-19 -1.02141E-16
25 1.32E-07 0.7 0.8 0.8 0.7 0.8 -7.02555E-19 1.92775E-16 -7.02556E-19 -7.99361E-17
25 1.32E-07 0.71 0.8 0.8 0.71 0.8 -7.57942E-19 -2.24063E-17 -7.57942E-19 -7.99361E-17
25 1.32E-07 0.72 0.8 0.8 0.72 0.8 -7.92483E-19 3.74448E-17 -7.92483E-19 -7.99361E-17
25 1.32E-07 0.73 0.8 0.8 0.73 0.8 -8.03756E-19 6.82787E-17 -8.03756E-19 -7.99361E-17
25 1.32E-07 0.74 0.8 0.8 0.74 0.8 -7.89237E-19 4.61247E-17 -7.89237E-19 -1.33227E-17
25 1.32E-07 0.75 0.8 0.8 0.75 0.8 -7.46272E-19 7.69586E-17 -7.46272E-19 -5.77316E-17
25 1.32E-07 0.76 0.8 0.8 0.76 0.8 -6.72046E-19 5.48046E-17 -6.72046E-19 -3.55271E-17
25 1.32E-07 0.77 0.8 0.8 0.77 0.8 -5.63576E-19 3.63346E-18 -5.63576E-19 -3.55271E-17
25 1.32E-07 0.78 0.8 0.8 0.78 0.8 -4.17692E-19 -4.75377E-17 -4.17692E-19 6.43929E-17
25 1.32E-07 0.79 0.8 0.8 0.79 0.8 -2.31027E-19 -6.96917E-17 -2.31027E-19 6.43929E-17
25 1.32E-07 0.8 0.8 0.8 0.8 0.8 -1.08222E-26 -3.88578E-17 5.71806E-26 -1.33227E-17
