
25 1.76E-07 0.05 0.00377944 0.05 0.00377944 0 -2.06018E-29 -5.12098E-17 2.06018E-29 5.01289E-17
25 1.76E-07 0.1 0.00930907 0.1 0.00930907 0 1.18657E-28 -8.70437E-17 -1.18657E-28 8.86027E-17
25 1.76E-07 0.15 0.0160837 0.15 0.0160837 0 4.63843E-29 -1.3441E-16 -4.63843E-29 1.19884E-16
25 1.76E-07 0.2 0.0236085 0.2 0.0236085 0 1.97879E-30 -1.58711E-16 -1.97879E-30 1.48223E-16
25 1.76E-07 0.25 0.0315079 0.25 0.0315079 0 1.07945E-30 -1.69136E-16 -1.07945E-30 1.77848E-16
25 1.76E-07 0.3 0.039533 0.3 0.039533 0 1.18597E-30 -2.41063E-16 -1.18597E-30 2.1322E-16
25 1.76E-07 0.35 0.0475324 0.35 0.0475324 0 -1.6127E-30 -2.66864E-16 1.6127E-30 2.59911E-16
25 1.76E-07 0.4 0.0554203 0.4 0.0554203 0 8.8596E-31 -3.20419E-16 -8.8596E-31 3.30304E-16
25 1.76E-07 0.45 0.0631523 0.45 0.0631523 0 2.38483E-31 -4.99979E-16 -2.38483E-31 4.87003E-16
25 1.76E-07 0.5 0.070709 0.5 0.070709 0 7.38666E-32 -1.14381E-15 -7.38666E-32 1.17962E-15
25 1.76E-07 0.55 0.0780856 0.55 0.0780856 0 2.62048E-31 -5.7794E-15 -2.62048E-31 5.85255E-15
25 1.76E-07 0.6 0.0852854 0.6 0.0852854 0 2.01212E-31 -4.11362E-14 -2.01212E-31 4.1073E-14
25 1.76E-07 0.65 0.0923164 0.65 0.0923164 0 6.06583E-31 -3.11561E-13 -6.06583E-31 3.1161E-13
25 1.76E-07 0.7 0.0991884 0.7 0.0991884 0 -1.58774E-31 -2.39346E-12 1.58774E-31 2.39347E-12
25 1.76E-07 0.75 0.105912 0.75 0.105912 0 -1.11378E-30 -1.8295E-11 1.11378E-30 1.8295E-11
25 1.76E-07 0.8 0.112498 0.8 0.112498 0 1.48087E-30 -1.32631E-10 -1.48087E-30 1.32631E-10
