
25 2.2E-08 -3.81729E-15 -5.30041E-18 0 -5.30041E-18 1.76E-07 -5.30041E-18 0 0 0
25 2.2E-08 -4.11702E-14 1.23135E-17 0 1.23135E-17 2.2E-08 1.23135E-17 0 0 0
25 2.2E-08 -2.66405E-18 -1.28204E-18 0 -1.28204E-18 4.4E-08 -1.28204E-18 0 0 0
25 2.2E-08 -1.14698E-17 -3.38585E-18 0 -3.38585E-18 6.6E-08 -3.38585E-18 0 0 0
25 2.2E-08 -7.10478E-17 -2.14304E-18 0 -2.14304E-18 8.8E-08 -2.14304E-18 0 0 0
25 2.2E-08 2.96188E-18 2.01806E-18 0 2.01806E-18 1.32E-07 2.01806E-18 0 0 0
25 2.2E-08 -3.82854E-15 -8.04251E-18 0 -8.04251E-18 1.76E-07 -8.04251E-18 0 0 0
25 4.4E-08 -2.83916E-15 7.55232E-18 0 7.55232E-18 1.76E-07 7.55232E-18 0 0 0
25 4.4E-08 3.66292E-18 6.84394E-18 0 6.84394E-18 2.2E-08 6.84394E-18 0 0 0
25 4.4E-08 -9.57191E-18 -1.46857E-18 0 -1.46857E-18 4.4E-08 -1.46857E-18 0 0 0
25 4.4E-08 -8.21961E-14 2.24506E-17 0 2.24506E-17 6.6E-08 2.24506E-17 0 0 0
25 4.4E-08 3.19516E-18 -1.78075E-18 0 -1.78075E-18 8.8E-08 -1.78075E-18 0 0 0
25 4.4E-08 -1.88466E-17 -1.13126E-17 0 -1.13126E-17 1.32E-07 -1.13126E-17 0 0 0
25 4.4E-08 -2.84782E-15 -2.11694E-19 0 -2.11694E-19 1.76E-07 -2.11694E-19 0 0 0
25 6.6E-08 -2.16717E-15 -7.55091E-18 0 -7.55091E-18 1.76E-07 -7.55091E-18 0 0 0
25 6.6E-08 -2.14219E-12 3.30694E-15 0 3.30694E-15 2.2E-08 3.30694E-15 0 0 0
25 6.6E-08 -4.03505E-12 2.84796E-15 0 2.84796E-15 4.4E-08 2.84796E-15 0 0 0
25 6.6E-08 -8.52457E-15 4.39786E-18 0 4.39786E-18 6.6E-08 4.39786E-18 0 0 0
25 6.6E-08 -6.08824E-15 6.62597E-18 0 6.62597E-18 8.8E-08 6.62597E-18 0 0 0
25 6.6E-08 -1.70135E-12 3.33822E-16 0 3.33822E-16 1.32E-07 3.33822E-16 0 0 0
25 6.6E-08 -2.16189E-15 1.39216E-18 0 1.39216E-18 1.76E-07 1.39216E-18 0 0 0
25 8.8E-08 -9.36033E-17 4.60617E-19 0 4.60617E-19 1.76E-07 4.60617E-19 0 0 0
25 8.8E-08 -3.32437E-17 7.39335E-18 0 7.39335E-18 2.2E-08 7.39335E-18 0 0 0
25 8.8E-08 -6.3974E-19 -1.10813E-18 0 -1.10813E-18 4.4E-08 -1.10813E-18 0 0 0
25 8.8E-08 4.13896E-18 -4.00863E-18 0 -4.00863E-18 6.6E-08 -4.00863E-18 0 0 0
25 8.8E-08 -2.40976E-12 1.03526E-15 0 1.03526E-15 8.8E-08 1.03526E-15 0 0 0
25 8.8E-08 -3.21627E-13 9.04656E-17 0 9.04656E-17 1.32E-07 9.04656E-17 0 0 0
25 8.8E-08 -8.37569E-17 -9.72422E-19 0 -9.72422E-19 1.76E-07 -9.72422E-19 0 0 0
25 1.32E-07 -7.33459E-12 2.31803E-15 0 2.31803E-15 1.76E-07 2.31803E-15 0 0 0
25 1.32E-07 -1.30443E-12 4.37712E-15 0 4.37712E-15 2.2E-08 4.37712E-15 0 0 0
25 1.32E-07 -4.81546E-14 7.90772E-17 0 7.90772E-17 4.4E-08 7.90772E-17 0 0 0
25 1.32E-07 -4.09899E-17 -9.88683E-18 0 -9.88683E-18 6.6E-08 -9.88683E-18 0 0 0
25 1.32E-07 -2.19272E-16 -2.21601E-20 0 -2.21601E-20 8.8E-08 -2.21601E-20 0 0 0
25 1.32E-07 -9.68286E-13 4.06228E-16 0 4.06228E-16 1.32E-07 4.06228E-16 0 0 0
25 1.32E-07 -7.33457E-12 2.31146E-15 0 2.31146E-15 1.76E-07 2.31146E-15 0 0 0
25 1.76E-07 -2.70421E-14 1.32307E-17 0 1.32307E-17 1.76E-07 1.32307E-17 0 0 0
25 1.76E-07 4.35651E-18 -1.13205E-18 0 -1.13205E-18 2.2E-08 -1.13205E-18 0 0 0
25 1.76E-07 -5.29623E-14 1.02399E-16 0 1.02399E-16 4.4E-08 1.02399E-16 0 0 0
25 1.76E-07 -9.47093E-18 1.30432E-18 0 1.30432E-18 6.6E-08 1.30432E-18 0 0 0
25 1.76E-07 -9.99042E-16 -8.31566E-18 0 -8.31566E-18 8.8E-08 -8.31566E-18 0 0 0
25 1.76E-07 -3.52259E-14 1.91528E-17 0 1.91528E-17 1.32E-07 1.91528E-17 0 0 0
25 1.76E-07 -2.7057E-14 2.38499E-18 0 2.38499E-18 1.76E-07 2.38499E-18 0 0 0
