
25 6.6E-08 0.01 0 0 0.01 0 5.89829E-15 -1.18043E-14 5.89829E-15 6.76315E-18
25 6.6E-08 0.02 0 0 0.02 0 1.08004E-14 -2.16148E-14 1.08004E-14 1.40164E-17
25 6.6E-08 0.03 0 0 0.03 0 1.4759E-14 -2.95434E-14 1.4759E-14 2.17826E-17
25 6.6E-08 0.04 0 0 0.04 0 1.78246E-14 -3.56851E-14 1.78246E-14 3.00852E-17
25 6.6E-08 0.05 0 0 0.05 0 2.00461E-14 -4.01355E-14 2.00461E-14 3.89487E-17
25 6.6E-08 0.06 0 0 0.06 0 2.14708E-14 -4.2997E-14 2.14708E-14 4.83982E-17
25 6.6E-08 0.07 0 0 0.07 0 2.21446E-14 -4.43583E-14 2.21446E-14 5.84599E-17
25 6.6E-08 0.08 0 0 0.08 0 2.21121E-14 -4.42881E-14 2.21121E-14 6.91609E-17
25 6.6E-08 0.09 0 0 0.09 0 2.14171E-14 -4.28986E-14 2.14171E-14 8.05292E-17
25 6.6E-08 0.1 0 0 0.1 0 2.01035E-14 -4.02862E-14 2.01035E-14 9.25939E-17
25 6.6E-08 0.11 0 0 0.11 0 1.82171E-14 -3.65463E-14 1.82171E-14 1.05385E-16
25 6.6E-08 0.12 0 0 0.12 0 1.5809E-14 -3.17536E-14 1.5809E-14 1.18934E-16
25 6.6E-08 0.13 0 0 0.13 0 1.29462E-14 -2.60455E-14 1.29462E-14 1.33273E-16
25 6.6E-08 0.14 0 0 0.14 0 9.74783E-15 -1.96405E-14 9.74783E-15 1.48436E-16
25 6.6E-08 0.15 0 0 0.15 0 6.54629E-15 -1.32764E-14 6.54629E-15 1.64458E-16
25 6.6E-08 0.16 0 0 0.16 0 4.72825E-15 -9.64622E-15 4.72825E-15 1.81377E-16
25 6.6E-08 0.17 0 0 0.17 0 6.8791E-15 -1.39428E-14 6.8791E-15 1.9923E-16
25 6.6E-08 0.18 0 0 0.18 0 1.17856E-14 -2.37747E-14 1.17856E-14 2.18059E-16
25 6.6E-08 0.19 0 0 0.19 0 1.80541E-14 -3.63128E-14 1.80541E-14 2.37907E-16
25 6.6E-08 0.2 0 0 0.2 0 2.53796E-14 -5.10241E-14 2.53796E-14 2.5882E-16
25 6.6E-08 0.21 0 0 0.21 0 3.37113E-14 -6.7718E-14 3.37113E-14 2.8085E-16
25 6.6E-08 0.22 0 0 0.22 0 4.30612E-14 -8.64064E-14 4.30612E-14 3.04049E-16
25 6.6E-08 0.23 0 0 0.23 0 5.34627E-14 -1.07227E-13 5.34627E-14 3.28479E-16
25 6.6E-08 0.24 0 0 0.24 0 6.49589E-14 -1.30262E-13 6.49589E-14 3.54206E-16
25 6.6E-08 0.25 0 0 0.25 0 7.75985E-14 -1.55578E-13 7.75985E-14 3.81308E-16
25 6.6E-08 0.26 0 0 0.26 0 9.14338E-14 -1.83302E-13 9.14338E-14 4.09872E-16
25 6.6E-08 0.27 0 0 0.27 0 1.06521E-13 -2.13471E-13 1.06521E-13 4.40001E-16
25 6.6E-08 0.28 0 0 0.28 0 1.22917E-13 -2.46346E-13 1.22917E-13 4.71814E-16
25 6.6E-08 0.29 0 0 0.29 0 1.40686E-13 -2.81846E-13 1.40686E-13 5.05457E-16
25 6.6E-08 0.3 0 0 0.3 0 1.5989E-13 -3.20298E-13 1.5989E-13 5.41102E-16
25 6.6E-08 0.31 0 0 0.31 0 1.80597E-13 -3.61783E-13 1.80597E-13 5.78962E-16
25 6.6E-08 0.32 0 0 0.32 0 2.0288E-13 -4.06359E-13 2.0288E-13 6.19294E-16
25 6.6E-08 0.33 0 0 0.33 0 2.26813E-13 -4.54323E-13 2.26813E-13 6.62413E-16
25 6.6E-08 0.34 0 0 0.34 0 2.52479E-13 -5.05512E-13 2.52479E-13 7.08708E-16
25 6.6E-08 0.35 0 0 0.35 0 2.79965E-13 -5.6064E-13 2.79965E-13 7.58656E-16
25 6.6E-08 0.36 0 0 0.36 0 3.09369E-13 -6.19675E-13 3.09369E-13 8.12843E-16
25 6.6E-08 0.37 0 0 0.37 0 3.40801E-13 -6.82482E-13 3.40801E-13 8.71987E-16
25 6.6E-08 0.38 0 0 0.38 0 3.74389E-13 -7.498E-13 3.74389E-13 9.36967E-16
25 6.6E-08 0.39 0 0 0.39 0 4.10286E-13 -8.21628E-13 4.10286E-13 1.00886E-15
25 6.6E-08 0.4 0 0 0.4 0 4.48681E-13 -8.98458E-13 4.48681E-13 1.08898E-15
25 6.6E-08 0.41 0 0 0.41 0 4.89817E-13 -9.80782E-13 4.89817E-13 1.17891E-15
25 6.6E-08 0.42 0 0 0.42 0 5.3401E-13 -1.06926E-12 5.3401E-13 1.2806E-15
25 6.6E-08 0.43 0 0 0.43 0 5.81682E-13 -1.1647E-12 5.81682E-13 1.39639E-15
25 6.6E-08 0.44 0 0 0.44 0 6.33402E-13 -1.26827E-12 6.33402E-13 1.52914E-15
25 6.6E-08 0.45 0 0 0.45 0 6.89929E-13 -1.38151E-12 6.89929E-13 1.68228E-15
25 6.6E-08 0.46 0 0 0.46 0 7.52259E-13 -1.50639E-12 7.52259E-13 1.86E-15
25 6.6E-08 0.47 0 0 0.47 0 8.21648E-13 -1.6453E-12 8.21648E-13 2.06734E-15
25 6.6E-08 0.48 0 0 0.48 0 8.9959E-13 -1.80154E-12 8.9959E-13 2.31042E-15
25 6.6E-08 0.49 0 0 0.49 0 9.87724E-13 -1.97809E-12 9.87724E-13 2.59664E-15
25 6.6E-08 0.5 0 0 0.5 0 1.08765E-12 -2.17822E-12 1.08765E-12 2.93498E-15
25 6.6E-08 0.51 0 0 0.51 0 1.20071E-12 -2.40471E-12 1.20071E-12 3.3363E-15
25 6.6E-08 0.52 0 0 0.52 0 1.32783E-12 -2.65958E-12 1.32783E-12 3.81376E-15
25 6.6E-08 0.53 0 0 0.53 0 1.46944E-12 -2.94314E-12 1.46944E-12 4.38331E-15
25 6.6E-08 0.54 0 0 0.54 0 1.62558E-12 -3.25623E-12 1.62558E-12 5.06423E-15
25 6.6E-08 0.55 0 0 0.55 0 1.79606E-12 -3.59802E-12 1.79606E-12 5.8799E-15
25 6.6E-08 0.56 0 0 0.56 0 1.98062E-12 -3.96818E-12 1.98062E-12 6.85859E-15
25 6.6E-08 0.57 0 0 0.57 0 2.17906E-12 -4.36634E-12 2.17906E-12 8.03449E-15
25 6.6E-08 0.58 0 0 0.58 0 2.39132E-12 -4.79226E-12 2.39132E-12 9.44889E-15
25 6.6E-08 0.59 0 0 0.59 0 2.61745E-12 -5.24607E-12 2.61745E-12 1.11517E-14
25 6.6E-08 0.6 0 0 0.6 0 2.85764E-12 -5.72858E-12 2.85764E-12 1.32032E-14
25 6.6E-08 0.61 0 0 0.61 0 3.1122E-12 -6.24012E-12 3.1122E-12 1.56759E-14
25 6.6E-08 0.62 0 0 0.62 0 3.38154E-12 -6.78183E-12 3.38154E-12 1.86576E-14
25 6.6E-08 0.63 0 0 0.63 0 3.66611E-12 -7.35439E-12 3.66611E-12 2.22536E-14
25 6.6E-08 0.64 0 0 0.64 0 3.96645E-12 -7.95941E-12 3.96645E-12 2.6591E-14
25 6.6E-08 0.65 0 0 0.65 0 4.28313E-12 -8.59789E-12 4.28313E-12 3.18228E-14
25 6.6E-08 0.66 0 0 0.66 0 4.61675E-12 -9.2718E-12 4.61675E-12 3.81328E-14
25 6.6E-08 0.67 0 0 0.67 0 4.96797E-12 -9.98163E-12 4.96797E-12 4.57423E-14
25 6.6E-08 0.68 0 0 0.68 0 5.33744E-12 -1.07298E-11 5.33744E-12 5.4917E-14
25 6.6E-08 0.69 0 0 0.69 0 5.72587E-12 -1.15177E-11 5.72587E-12 6.59763E-14
25 6.6E-08 0.7 0 0 0.7 0 6.13398E-12 -1.23471E-11 6.13398E-12 7.93035E-14
25 6.6E-08 0.71 0 0 0.71 0 6.56251E-12 -1.32206E-11 6.56251E-12 9.53592E-14
25 6.6E-08 0.72 0 0 0.72 0 7.01223E-12 -1.41389E-11 7.01223E-12 1.14696E-13
25 6.6E-08 0.73 0 0 0.73 0 7.48394E-12 -1.51059E-11 7.48394E-12 1.37976E-13
25 6.6E-08 0.74 0 0 0.74 0 7.97845E-12 -1.61229E-11 7.97845E-12 1.65996E-13
25 6.6E-08 0.75 0 0 0.75 0 8.49662E-12 -1.7193E-11 8.49662E-12 1.99708E-13
25 6.6E-08 0.76 0 0 0.76 0 9.03932E-12 -1.83187E-11 9.03932E-12 2.40254E-13
25 6.6E-08 0.77 0 0 0.77 0 9.60744E-12 -1.95038E-11 9.60744E-12 2.89006E-13
25 6.6E-08 0.78 0 0 0.78 0 1.02019E-11 -2.07517E-11 1.02019E-11 3.47602E-13
25 6.6E-08 0.79 0 0 0.79 0 1.08237E-11 -2.20654E-11 1.08237E-11 4.18008E-13
25 6.6E-08 0.8 0 0 0.8 0 1.14739E-11 -2.34506E-11 1.14739E-11 5.02575E-13
