
25 2.2E-08 0.01 0.01 0.8 0.8 0.8 1.75211E-09 0 -1.75211E-09 -2.77556E-17
25 2.2E-08 0.02 0.02 0.8 0.8 0.8 1.59094E-09 0 -1.59094E-09 -2.77556E-17
25 2.2E-08 0.03 0.03 0.8 0.8 0.8 1.44577E-09 0 -1.44577E-09 0
25 2.2E-08 0.04 0.04 0.8 0.8 0.8 1.31495E-09 0 -1.31495E-09 0
25 2.2E-08 0.05 0.05 0.8 0.8 0.8 1.19699E-09 0 -1.19699E-09 0
25 2.2E-08 0.06 0.06 0.8 0.8 0.8 1.09057E-09 0 -1.09057E-09 0
25 2.2E-08 0.07 0.07 0.8 0.8 0.8 9.94501E-10 0 -9.94501E-10 0
25 2.2E-08 0.08 0.08 0.8 0.8 0.8 9.07713E-10 0 -9.07713E-10 0
25 2.2E-08 0.09 0.09 0.8 0.8 0.8 8.29251E-10 0 -8.29251E-10 0
25 2.2E-08 0.1 0.1 0.8 0.8 0.8 7.58259E-10 0 -7.58259E-10 0
25 2.2E-08 0.11 0.11 0.8 0.8 0.8 6.9397E-10 0 -6.9397E-10 0
25 2.2E-08 0.12 0.12 0.8 0.8 0.8 6.35698E-10 0 -6.35698E-10 0
25 2.2E-08 0.13 0.13 0.8 0.8 0.8 5.82832E-10 0 -5.82832E-10 0
25 2.2E-08 0.14 0.14 0.8 0.8 0.8 5.34822E-10 -4.44089E-16 -5.34821E-10 0
25 2.2E-08 0.15 0.15 0.8 0.8 0.8 4.91177E-10 -4.44089E-16 -4.91177E-10 0
25 2.2E-08 0.16 0.16 0.8 0.8 0.8 4.5146E-10 -4.44089E-16 -4.5146E-10 0
25 2.2E-08 0.17 0.17 0.8 0.8 0.8 4.15279E-10 -4.44089E-16 -4.15279E-10 2.77556E-17
25 2.2E-08 0.18 0.18 0.8 0.8 0.8 3.82283E-10 0 -3.82283E-10 0
25 2.2E-08 0.19 0.19 0.8 0.8 0.8 3.52159E-10 0 -3.52159E-10 0
25 2.2E-08 0.2 0.2 0.8 0.8 0.8 3.24629E-10 0 -3.24629E-10 0
25 2.2E-08 0.21 0.21 0.8 0.8 0.8 2.9944E-10 0 -2.9944E-10 2.77556E-17
25 2.2E-08 0.22 0.22 0.8 0.8 0.8 2.7637E-10 0 -2.7637E-10 2.77556E-17
25 2.2E-08 0.23 0.23 0.8 0.8 0.8 2.55218E-10 0 -2.55218E-10 2.77556E-17
25 2.2E-08 0.24 0.24 0.8 0.8 0.8 2.35805E-10 0 -2.35805E-10 2.77556E-17
25 2.2E-08 0.25 0.25 0.8 0.8 0.8 2.17971E-10 0 -2.17971E-10 0
25 2.2E-08 0.26 0.26 0.8 0.8 0.8 2.01571E-10 0 -2.01571E-10 2.77556E-17
25 2.2E-08 0.27 0.27 0.8 0.8 0.8 1.86476E-10 0 -1.86476E-10 2.77556E-17
25 2.2E-08 0.28 0.28 0.8 0.8 0.8 1.72572E-10 0 -1.72572E-10 2.77556E-17
25 2.2E-08 0.29 0.29 0.8 0.8 0.8 1.59752E-10 0 -1.59752E-10 2.77556E-17
25 2.2E-08 0.3 0.3 0.8 0.8 0.8 1.47925E-10 0 -1.47925E-10 2.77556E-17
25 2.2E-08 0.31 0.31 0.8 0.8 0.8 1.37005E-10 0 -1.37005E-10 2.77556E-17
25 2.2E-08 0.32 0.32 0.8 0.8 0.8 1.26916E-10 0 -1.26916E-10 2.77556E-17
25 2.2E-08 0.33 0.33 0.8 0.8 0.8 1.17589E-10 0 -1.17589E-10 2.77556E-17
25 2.2E-08 0.34 0.34 0.8 0.8 0.8 1.08963E-10 0 -1.08963E-10 2.77556E-17
25 2.2E-08 0.35 0.35 0.8 0.8 0.8 1.00981E-10 0 -1.00981E-10 2.77556E-17
25 2.2E-08 0.36 0.36 0.8 0.8 0.8 9.35914E-11 0 -9.35914E-11 2.77556E-17
25 2.2E-08 0.37 0.37 0.8 0.8 0.8 8.6748E-11 0 -8.6748E-11 2.77556E-17
25 2.2E-08 0.38 0.38 0.8 0.8 0.8 8.04084E-11 0 -8.04084E-11 8.32667E-17
25 2.2E-08 0.39 0.39 0.8 0.8 0.8 7.45338E-11 0 -7.45338E-11 8.32667E-17
25 2.2E-08 0.4 0.4 0.8 0.8 0.8 6.9089E-11 0 -6.9089E-11 8.32667E-17
25 2.2E-08 0.41 0.41 0.8 0.8 0.8 6.40414E-11 0 -6.40414E-11 8.32667E-17
25 2.2E-08 0.42 0.42 0.8 0.8 0.8 5.93615E-11 0 -5.93615E-11 2.77556E-17
25 2.2E-08 0.43 0.43 0.8 0.8 0.8 5.50219E-11 0 -5.50219E-11 2.77556E-17
25 2.2E-08 0.44 0.44 0.8 0.8 0.8 5.09974E-11 0 -5.09974E-11 2.77556E-17
25 2.2E-08 0.45 0.45 0.8 0.8 0.8 4.7265E-11 0 -4.7265E-11 2.77556E-17
25 2.2E-08 0.46 0.46 0.8 0.8 0.8 4.38033E-11 0 -4.38033E-11 2.77556E-17
25 2.2E-08 0.47 0.47 0.8 0.8 0.8 4.05926E-11 0 -4.05926E-11 2.77556E-17
25 2.2E-08 0.48 0.48 0.8 0.8 0.8 3.76145E-11 0 -3.76145E-11 2.77556E-17
25 2.2E-08 0.49 0.49 0.8 0.8 0.8 3.48523E-11 0 -3.48523E-11 2.77556E-17
25 2.2E-08 0.5 0.5 0.8 0.8 0.8 3.22903E-11 0 -3.22903E-11 2.77556E-17
25 2.2E-08 0.51 0.51 0.8 0.8 0.8 2.99139E-11 0 -2.99139E-11 2.77556E-17
25 2.2E-08 0.52 0.52 0.8 0.8 0.8 2.77098E-11 0 -2.77098E-11 2.77556E-17
25 2.2E-08 0.53 0.53 0.8 0.8 0.8 2.56654E-11 0 -2.56654E-11 2.77556E-17
25 2.2E-08 0.54 0.54 0.8 0.8 0.8 2.37692E-11 0 -2.37692E-11 2.77556E-17
25 2.2E-08 0.55 0.55 0.8 0.8 0.8 2.20104E-11 0 -2.20104E-11 2.77556E-17
25 2.2E-08 0.56 0.56 0.8 0.8 0.8 2.03791E-11 0 -2.03791E-11 2.77556E-17
25 2.2E-08 0.57 0.57 0.8 0.8 0.8 1.88659E-11 0 -1.88659E-11 2.77556E-17
25 2.2E-08 0.58 0.58 0.8 0.8 0.8 1.74622E-11 0 -1.74622E-11 2.77556E-17
25 2.2E-08 0.59 0.59 0.8 0.8 0.8 1.61601E-11 0 -1.61601E-11 2.77556E-17
25 2.2E-08 0.6 0.6 0.8 0.8 0.8 1.4952E-11 0 -1.4952E-11 2.77556E-17
25 2.2E-08 0.61 0.61 0.8 0.8 0.8 1.3831E-11 0 -1.3831E-11 2.77556E-17
25 2.2E-08 0.62 0.62 0.8 0.8 0.8 1.27906E-11 0 -1.27906E-11 2.77556E-17
25 2.2E-08 0.63 0.63 0.8 0.8 0.8 1.18248E-11 0 -1.18248E-11 2.77556E-17
25 2.2E-08 0.64 0.64 0.8 0.8 0.8 1.09278E-11 0 -1.09278E-11 2.77556E-17
25 2.2E-08 0.65 0.65 0.8 0.8 0.8 1.00944E-11 0 -1.00944E-11 2.77556E-17
25 2.2E-08 0.66 0.66 0.8 0.8 0.8 9.31947E-12 0 -9.31946E-12 2.77556E-17
25 2.2E-08 0.67 0.67 0.8 0.8 0.8 8.59802E-12 0 -8.59802E-12 2.77556E-17
25 2.2E-08 0.68 0.68 0.8 0.8 0.8 7.92528E-12 0 -7.92528E-12 2.77556E-17
25 2.2E-08 0.69 0.69 0.8 0.8 0.8 7.29635E-12 0 -7.29635E-12 2.77556E-17
25 2.2E-08 0.7 0.7 0.8 0.8 0.8 6.706E-12 0 -6.706E-12 2.77556E-17
25 2.2E-08 0.71 0.71 0.8 0.8 0.8 6.14826E-12 0 -6.14825E-12 2.77556E-17
25 2.2E-08 0.72 0.72 0.8 0.8 0.8 5.61564E-12 0 -5.61564E-12 2.77556E-17
25 2.2E-08 0.73 0.73 0.8 0.8 0.8 5.09791E-12 0 -5.09791E-12 5.55112E-17
25 2.2E-08 0.74 0.74 0.8 0.8 0.8 4.58009E-12 0 -4.58009E-12 5.55112E-17
25 2.2E-08 0.75 0.75 0.8 0.8 0.8 4.03995E-12 0 -4.03995E-12 5.55112E-17
25 2.2E-08 0.76 0.76 0.8 0.8 0.8 3.44694E-12 0 -3.44694E-12 5.55112E-17
25 2.2E-08 0.77 0.77 0.8 0.8 0.8 2.7664E-12 0 -2.7664E-12 2.77556E-17
25 2.2E-08 0.78 0.78 0.8 0.8 0.8 1.97006E-12 0 -1.97006E-12 2.77556E-17
25 2.2E-08 0.79 0.79 0.8 0.8 0.8 1.04602E-12 0 -1.04602E-12 2.77556E-17
25 2.2E-08 0.8 0.8 0.8 0.8 0.8 -4.20313E-26 0 4.5238E-26 2.77556E-17
