
25 4.4E-08 0.01 0.01 0.8 0.8 0.8 3.83672E-09 -2.22045E-16 -3.83672E-09 -5.55112E-17
25 4.4E-08 0.02 0.02 0.8 0.8 0.8 3.48381E-09 -6.66134E-16 -3.48381E-09 -5.55112E-17
25 4.4E-08 0.03 0.03 0.8 0.8 0.8 3.16592E-09 -6.66134E-16 -3.16592E-09 -5.55112E-17
25 4.4E-08 0.04 0.04 0.8 0.8 0.8 2.87945E-09 0 -2.87945E-09 -5.55112E-17
25 4.4E-08 0.05 0.05 0.8 0.8 0.8 2.62115E-09 -2.22045E-16 -2.62115E-09 -5.55112E-17
25 4.4E-08 0.06 0.06 0.8 0.8 0.8 2.38813E-09 0 -2.38813E-09 0
25 4.4E-08 0.07 0.07 0.8 0.8 0.8 2.17776E-09 0 -2.17776E-09 -5.55112E-17
25 4.4E-08 0.08 0.08 0.8 0.8 0.8 1.98772E-09 0 -1.98772E-09 0
25 4.4E-08 0.09 0.09 0.8 0.8 0.8 1.8159E-09 0 -1.8159E-09 -2.77556E-17
25 4.4E-08 0.1 0.1 0.8 0.8 0.8 1.66045E-09 0 -1.66045E-09 -2.77556E-17
25 4.4E-08 0.11 0.11 0.8 0.8 0.8 1.51967E-09 -2.22045E-16 -1.51967E-09 -2.77556E-17
25 4.4E-08 0.12 0.12 0.8 0.8 0.8 1.39207E-09 -2.22045E-16 -1.39207E-09 -2.77556E-17
25 4.4E-08 0.13 0.13 0.8 0.8 0.8 1.2763E-09 2.22045E-16 -1.2763E-09 -2.77556E-17
25 4.4E-08 0.14 0.14 0.8 0.8 0.8 1.17117E-09 2.22045E-16 -1.17117E-09 -2.77556E-17
25 4.4E-08 0.15 0.15 0.8 0.8 0.8 1.0756E-09 2.22045E-16 -1.0756E-09 -2.77556E-17
25 4.4E-08 0.16 0.16 0.8 0.8 0.8 9.88625E-10 0 -9.88625E-10 -2.77556E-17
25 4.4E-08 0.17 0.17 0.8 0.8 0.8 9.09395E-10 0 -9.09395E-10 0
25 4.4E-08 0.18 0.18 0.8 0.8 0.8 8.37141E-10 0 -8.3714E-10 -2.77556E-17
25 4.4E-08 0.19 0.19 0.8 0.8 0.8 7.71176E-10 0 -7.71176E-10 0
25 4.4E-08 0.2 0.2 0.8 0.8 0.8 7.10888E-10 0 -7.10888E-10 -2.77556E-17
25 4.4E-08 0.21 0.21 0.8 0.8 0.8 6.5573E-10 4.44089E-16 -6.55729E-10 0
25 4.4E-08 0.22 0.22 0.8 0.8 0.8 6.0521E-10 4.44089E-16 -6.0521E-10 -2.77556E-17
25 4.4E-08 0.23 0.23 0.8 0.8 0.8 5.58891E-10 2.22045E-16 -5.58891E-10 -2.77556E-17
25 4.4E-08 0.24 0.24 0.8 0.8 0.8 5.1638E-10 2.22045E-16 -5.1638E-10 -2.77556E-17
25 4.4E-08 0.25 0.25 0.8 0.8 0.8 4.77325E-10 2.22045E-16 -4.77325E-10 -2.77556E-17
25 4.4E-08 0.26 0.26 0.8 0.8 0.8 4.41412E-10 2.22045E-16 -4.41412E-10 -2.77556E-17
25 4.4E-08 0.27 0.27 0.8 0.8 0.8 4.08357E-10 2.22045E-16 -4.08357E-10 -2.77556E-17
25 4.4E-08 0.28 0.28 0.8 0.8 0.8 3.77908E-10 2.22045E-16 -3.77907E-10 -2.77556E-17
25 4.4E-08 0.29 0.29 0.8 0.8 0.8 3.49835E-10 2.22045E-16 -3.49835E-10 -2.77556E-17
25 4.4E-08 0.3 0.3 0.8 0.8 0.8 3.23934E-10 2.22045E-16 -3.23934E-10 -2.77556E-17
25 4.4E-08 0.31 0.31 0.8 0.8 0.8 3.00021E-10 2.22045E-16 -3.00021E-10 -2.77556E-17
25 4.4E-08 0.32 0.32 0.8 0.8 0.8 2.77927E-10 2.22045E-16 -2.77927E-10 -2.77556E-17
25 4.4E-08 0.33 0.33 0.8 0.8 0.8 2.57504E-10 4.44089E-16 -2.57504E-10 -2.77556E-17
25 4.4E-08 0.34 0.34 0.8 0.8 0.8 2.38613E-10 4.44089E-16 -2.38613E-10 -2.77556E-17
25 4.4E-08 0.35 0.35 0.8 0.8 0.8 2.21133E-10 4.44089E-16 -2.21133E-10 -2.77556E-17
25 4.4E-08 0.36 0.36 0.8 0.8 0.8 2.04951E-10 2.22045E-16 -2.04951E-10 -2.77556E-17
25 4.4E-08 0.37 0.37 0.8 0.8 0.8 1.89965E-10 2.22045E-16 -1.89965E-10 -2.77556E-17
25 4.4E-08 0.38 0.38 0.8 0.8 0.8 1.76082E-10 2.22045E-16 -1.76082E-10 -2.77556E-17
25 4.4E-08 0.39 0.39 0.8 0.8 0.8 1.63217E-10 2.22045E-16 -1.63217E-10 -2.77556E-17
25 4.4E-08 0.4 0.4 0.8 0.8 0.8 1.51293E-10 0 -1.51293E-10 -2.77556E-17
25 4.4E-08 0.41 0.41 0.8 0.8 0.8 1.4024E-10 0 -1.4024E-10 -2.77556E-17
25 4.4E-08 0.42 0.42 0.8 0.8 0.8 1.29991E-10 0 -1.29991E-10 -2.77556E-17
25 4.4E-08 0.43 0.43 0.8 0.8 0.8 1.20488E-10 0 -1.20488E-10 -2.77556E-17
25 4.4E-08 0.44 0.44 0.8 0.8 0.8 1.11675E-10 0 -1.11675E-10 -2.77556E-17
25 4.4E-08 0.45 0.45 0.8 0.8 0.8 1.03501E-10 0 -1.03501E-10 -2.77556E-17
25 4.4E-08 0.46 0.46 0.8 0.8 0.8 9.59203E-11 0 -9.59203E-11 0
25 4.4E-08 0.47 0.47 0.8 0.8 0.8 8.88891E-11 0 -8.8889E-11 0
25 4.4E-08 0.48 0.48 0.8 0.8 0.8 8.23674E-11 0 -8.23674E-11 0
25 4.4E-08 0.49 0.49 0.8 0.8 0.8 7.63184E-11 0 -7.63184E-11 0
25 4.4E-08 0.5 0.5 0.8 0.8 0.8 7.07078E-11 0 -7.07077E-11 0
25 4.4E-08 0.51 0.51 0.8 0.8 0.8 6.55037E-11 0 -6.55037E-11 0
25 4.4E-08 0.52 0.52 0.8 0.8 0.8 6.06769E-11 0 -6.06768E-11 0
25 4.4E-08 0.53 0.53 0.8 0.8 0.8 5.61998E-11 0 -5.61998E-11 0
25 4.4E-08 0.54 0.54 0.8 0.8 0.8 5.20473E-11 0 -5.20473E-11 0
25 4.4E-08 0.55 0.55 0.8 0.8 0.8 4.81956E-11 0 -4.81956E-11 0
25 4.4E-08 0.56 0.56 0.8 0.8 0.8 4.46231E-11 0 -4.4623E-11 0
25 4.4E-08 0.57 0.57 0.8 0.8 0.8 4.13092E-11 0 -4.13092E-11 -2.77556E-17
25 4.4E-08 0.58 0.58 0.8 0.8 0.8 3.82352E-11 0 -3.82352E-11 -2.77556E-17
25 4.4E-08 0.59 0.59 0.8 0.8 0.8 3.53835E-11 0 -3.53835E-11 -2.77556E-17
25 4.4E-08 0.6 0.6 0.8 0.8 0.8 3.27378E-11 0 -3.27378E-11 -2.77556E-17
25 4.4E-08 0.61 0.61 0.8 0.8 0.8 3.02828E-11 0 -3.02828E-11 -2.77556E-17
25 4.4E-08 0.62 0.62 0.8 0.8 0.8 2.80043E-11 0 -2.80043E-11 -2.77556E-17
25 4.4E-08 0.63 0.63 0.8 0.8 0.8 2.58891E-11 0 -2.58891E-11 -2.77556E-17
25 4.4E-08 0.64 0.64 0.8 0.8 0.8 2.39247E-11 0 -2.39247E-11 -2.77556E-17
25 4.4E-08 0.65 0.65 0.8 0.8 0.8 2.20994E-11 0 -2.20994E-11 -2.77556E-17
25 4.4E-08 0.66 0.66 0.8 0.8 0.8 2.04021E-11 0 -2.04021E-11 -2.77556E-17
25 4.4E-08 0.67 0.67 0.8 0.8 0.8 1.88219E-11 0 -1.88219E-11 -2.77556E-17
25 4.4E-08 0.68 0.68 0.8 0.8 0.8 1.73484E-11 0 -1.73484E-11 -2.77556E-17
25 4.4E-08 0.69 0.69 0.8 0.8 0.8 1.59707E-11 0 -1.59707E-11 -2.77556E-17
25 4.4E-08 0.7 0.7 0.8 0.8 0.8 1.46775E-11 0 -1.46775E-11 -2.77556E-17
25 4.4E-08 0.71 0.71 0.8 0.8 0.8 1.34557E-11 0 -1.34557E-11 0
25 4.4E-08 0.72 0.72 0.8 0.8 0.8 1.22888E-11 0 -1.22888E-11 0
25 4.4E-08 0.73 0.73 0.8 0.8 0.8 1.11546E-11 0 -1.11546E-11 0
25 4.4E-08 0.74 0.74 0.8 0.8 0.8 1.00202E-11 0 -1.00202E-11 0
25 4.4E-08 0.75 0.75 0.8 0.8 0.8 8.83705E-12 0 -8.83705E-12 0
25 4.4E-08 0.76 0.76 0.8 0.8 0.8 7.53861E-12 0 -7.53861E-12 0
25 4.4E-08 0.77 0.77 0.8 0.8 0.8 6.04918E-12 0 -6.04918E-12 0
25 4.4E-08 0.78 0.78 0.8 0.8 0.8 4.30716E-12 0 -4.30716E-12 0
25 4.4E-08 0.79 0.79 0.8 0.8 0.8 2.28662E-12 0 -2.28662E-12 0
25 4.4E-08 0.8 0.8 0.8 0.8 0.8 -8.55943E-26 0 8.50258E-26 0
