
25 6.6E-08 0.05 0 0.0263423 0.05 0.0263423 3.22755E-11 -5.27051E-18 -3.22755E-11 5.27051E-18
25 6.6E-08 0.1 0 0.0664671 0.1 0.0664671 7.44186E-11 -9.52178E-18 -7.44186E-11 9.52178E-18
25 6.6E-08 0.15 0 0.0768657 0.15 0.0768657 4.12387E-10 -2.73007E-17 -4.12387E-10 2.73007E-17
25 6.6E-08 0.2 0 0.102559 0.2 0.102559 1.32931E-09 -5.34235E-17 -1.32931E-09 5.34235E-17
25 6.6E-08 0.25 0 0.131513 0.25 0.131513 3.75744E-09 -1.13358E-16 -3.75744E-09 1.13358E-16
25 6.6E-08 0.3 0 0.150532 0.3 0.150532 1.39673E-08 -3.62209E-16 -1.39673E-08 3.62209E-16
25 6.6E-08 0.35 0 0.177197 0.35 0.177197 3.93559E-08 -9.61838E-16 -3.93559E-08 9.61838E-16
25 6.6E-08 0.4 0 0.203117 0.4 0.203117 1.08672E-07 -2.16898E-15 -1.08672E-07 2.16898E-15
25 6.6E-08 0.45 0 0.227502 0.45 0.227502 2.98666E-07 -5.57524E-15 -2.98666E-07 5.57524E-15
25 6.6E-08 0.5 0 0.257745 0.5 0.257745 6.68931E-07 -1.18806E-14 -6.68931E-07 1.18806E-14
25 6.6E-08 0.55 0 0.290556 0.55 0.290556 1.33309E-06 -2.35991E-14 -1.33309E-06 2.35991E-14
25 6.6E-08 0.6 0 0.323109 0.6 0.323109 2.50286E-06 -4.83451E-14 -2.50286E-06 4.83451E-14
25 6.6E-08 0.65 0 0.36253 0.65 0.36253 3.88115E-06 -7.48125E-14 -3.88115E-06 7.48125E-14
25 6.6E-08 0.7 0 0.40629 0.7 0.40629 5.42132E-06 -9.66177E-14 -5.42132E-06 9.66177E-14
25 6.6E-08 0.75 0 0.453646 0.75 0.453646 7.08704E-06 -1.06753E-13 -7.08704E-06 1.06753E-13
25 6.6E-08 0.8 0 0.501569 0.8 0.501569 9.17687E-06 -1.14725E-13 -9.17687E-06 1.14725E-13
