
25 8.8E-08 0.05 0 0 0.05 0.8 1.35169E-12 4.58938E-15 -1.35168E-12 -4.54303E-15
25 8.8E-08 0.1 0 0 0.1 0.8 1.28311E-11 4.58974E-15 -1.28311E-11 -4.54303E-15
25 8.8E-08 0.15 0 0 0.15 0.8 1.07625E-10 4.59016E-15 -1.07625E-10 -4.54303E-15
25 8.8E-08 0.2 0 0 0.2 0.8 8.59073E-10 4.59377E-15 -8.59073E-10 -4.56524E-15
25 8.8E-08 0.25 0 0 0.25 0.8 6.39736E-09 4.61501E-15 -6.39736E-09 -4.66516E-15
25 8.8E-08 0.3 0 0 0.3 0.8 4.2478E-08 4.73509E-15 -4.2478E-08 -4.8539E-15
25 8.8E-08 0.35 0 0 0.35 0.8 2.42114E-07 5.29777E-15 -2.42114E-07 -6.27498E-15
25 8.8E-08 0.4 0 0 0.4 0.8 1.14446E-06 7.37918E-15 -1.14446E-06 -1.25366E-14
25 8.8E-08 0.45 0 0 0.45 0.8 4.02221E-06 1.39772E-14 -4.02221E-06 -3.32534E-14
25 8.8E-08 0.5 0 0 0.5 0.8 9.93268E-06 3.3563E-14 -9.93268E-06 -8.17701E-14
25 8.8E-08 0.55 0 0 0.55 0.8 1.85992E-05 8.9834E-14 -1.85992E-05 -1.8038E-13
25 8.8E-08 0.6 0 0 0.6 0.8 2.91652E-05 2.48076E-13 -2.91652E-05 -3.9069E-13
25 8.8E-08 0.65 0 0 0.65 0.8 4.09726E-05 6.8683E-13 -4.09726E-05 -8.88913E-13
25 8.8E-08 0.7 0 0 0.7 0.8 5.36319E-05 1.89035E-12 -5.36319E-05 -2.15803E-12
25 8.8E-08 0.75 0 0 0.75 0.8 6.69122E-05 5.15273E-12 -6.69122E-05 -5.49153E-12
25 8.8E-08 0.8 0 0 0.8 0.8 8.06653E-05 1.38369E-11 -8.06653E-05 -1.42521E-11
