
25 1.76E-07 0.05 0 0 0.05 0.8 2.8782E-12 9.76714E-15 -2.87817E-12 -9.80549E-15
25 1.76E-07 0.1 0 0 0.1 0.8 2.73346E-11 9.7679E-15 -2.73345E-11 -9.80549E-15
25 1.76E-07 0.15 0 0 0.15 0.8 2.29326E-10 9.7688E-15 -2.29326E-10 -9.80549E-15
25 1.76E-07 0.2 0 0 0.2 0.8 1.8307E-09 9.77648E-15 -1.8307E-09 -9.82769E-15
25 1.76E-07 0.25 0 0 0.25 0.8 1.36335E-08 9.82168E-15 -1.36335E-08 -9.8721E-15
25 1.76E-07 0.3 0 0 0.3 0.8 9.05218E-08 1.00772E-14 -9.05218E-08 -1.04605E-14
25 1.76E-07 0.35 0 0 0.35 0.8 5.15773E-07 1.12747E-14 -5.15773E-07 -1.3447E-14
25 1.76E-07 0.4 0 0 0.4 0.8 2.43529E-06 1.57044E-14 -2.43529E-06 -2.6914E-14
25 1.76E-07 0.45 0 0 0.45 0.8 8.54024E-06 2.97463E-14 -8.54024E-06 -7.07678E-14
25 1.76E-07 0.5 0 0 0.5 0.8 2.10326E-05 7.14289E-14 -2.10326E-05 -1.73463E-13
25 1.76E-07 0.55 0 0 0.55 0.8 3.92805E-05 1.91185E-13 -3.92805E-05 -3.8233E-13
25 1.76E-07 0.6 0 0 0.6 0.8 6.14536E-05 5.27957E-13 -6.14536E-05 -8.28073E-13
25 1.76E-07 0.65 0 0 0.65 0.8 8.61633E-05 1.46171E-12 -8.61633E-05 -1.88566E-12
25 1.76E-07 0.7 0 0 0.7 0.8 0.000112596 4.02305E-12 -0.000112596 -4.58308E-12
25 1.76E-07 0.75 0 0 0.75 0.8 0.000140275 1.09661E-11 -0.000140275 -1.16733E-11
25 1.76E-07 0.8 0 0 0.8 0.8 0.000168894 2.94478E-11 -0.000168894 -3.03126E-11
