
25 2.2E-08 0.01 0.8 0.8 0.01 0.8 -9.45613E-17 1.04322E-13 -9.45591E-17 -1.04119E-13
25 2.2E-08 0.02 0.8 0.8 0.02 0.8 -8.80927E-17 8.66657E-14 -8.80912E-17 -8.64442E-14
25 2.2E-08 0.03 0.8 0.8 0.03 0.8 -8.20044E-17 7.1969E-14 -8.20076E-17 -7.1767E-14
25 2.2E-08 0.04 0.8 0.8 0.04 0.8 -7.6271E-17 5.97032E-14 -7.6268E-17 -5.95435E-14
25 2.2E-08 0.05 0.8 0.8 0.05 0.8 -7.0876E-17 4.95622E-14 -7.08763E-17 -4.9396E-14
25 2.2E-08 0.06 0.8 0.8 0.06 0.8 -6.57975E-17 4.10788E-14 -6.57971E-17 -4.09361E-14
25 2.2E-08 0.07 0.8 0.8 0.07 0.8 -6.10235E-17 3.41331E-14 -6.10244E-17 -3.3975E-14
25 2.2E-08 0.08 0.8 0.8 0.08 0.8 -5.65382E-17 2.83191E-14 -5.65329E-17 -2.82019E-14
25 2.2E-08 0.09 0.8 0.8 0.09 0.8 -5.23239E-17 2.34337E-14 -5.23219E-17 -2.33391E-14
25 2.2E-08 0.1 0.8 0.8 0.1 0.8 -4.83674E-17 1.94709E-14 -4.8366E-17 -1.93645E-14
25 2.2E-08 0.11 0.8 0.8 0.11 0.8 -4.46547E-17 1.61786E-14 -4.46566E-17 -1.60449E-14
25 2.2E-08 0.12 0.8 0.8 0.12 0.8 -4.11801E-17 1.33229E-14 -4.11779E-17 -1.33138E-14
25 2.2E-08 0.13 0.8 0.8 0.13 0.8 -3.79178E-17 1.10207E-14 -3.79182E-17 -1.10711E-14
25 2.2E-08 0.14 0.8 0.8 0.14 0.8 -3.48654E-17 9.08745E-15 -3.48671E-17 -9.12825E-15
25 2.2E-08 0.15 0.8 0.8 0.15 0.8 -3.20133E-17 7.64628E-15 -3.20115E-17 -7.56284E-15
25 2.2E-08 0.16 0.8 0.8 0.16 0.8 -2.93439E-17 6.32812E-15 -2.93427E-17 -6.27498E-15
25 2.2E-08 0.17 0.8 0.8 0.17 0.8 -2.6847E-17 5.39097E-15 -2.68524E-17 -5.19806E-15
25 2.2E-08 0.18 0.8 0.8 0.18 0.8 -2.45232E-17 4.44183E-15 -2.45224E-17 -4.26548E-15
25 2.2E-08 0.19 0.8 0.8 0.19 0.8 -2.23546E-17 3.7387E-15 -2.23538E-17 -3.58824E-15
25 2.2E-08 0.2 0.8 0.8 0.2 0.8 -2.03314E-17 3.04756E-15 -2.03325E-17 -2.95541E-15
25 2.2E-08 0.21 0.8 0.8 0.21 0.8 -1.84526E-17 2.46745E-15 -1.84516E-17 -2.46692E-15
25 2.2E-08 0.22 0.8 0.8 0.22 0.8 -1.67009E-17 2.13334E-15 -1.67008E-17 -2.04503E-15
25 2.2E-08 0.23 0.8 0.8 0.23 0.8 -1.50794E-17 1.92225E-15 -1.50768E-17 -1.74527E-15
25 2.2E-08 0.24 0.8 0.8 0.24 0.8 -1.35715E-17 1.60013E-15 -1.35726E-17 -1.43441E-15
25 2.2E-08 0.25 0.8 0.8 0.25 0.8 -1.2181E-17 1.50006E-15 -1.21799E-17 -1.17906E-15
25 2.2E-08 0.26 0.8 0.8 0.26 0.8 -1.08928E-17 9.31931E-16 -1.08936E-17 -9.90319E-16
25 2.2E-08 0.27 0.8 0.8 0.27 0.8 -9.70883E-18 1.07788E-15 -9.7113E-18 -8.79297E-16
25 2.2E-08 0.28 0.8 0.8 0.28 0.8 -8.62427E-18 7.55759E-16 -8.62529E-18 -7.12763E-16
25 2.2E-08 0.29 0.8 0.8 0.29 0.8 -7.63331E-18 6.79658E-16 -7.63526E-18 -6.4615E-16
25 2.2E-08 0.3 0.8 0.8 0.3 0.8 -6.73535E-18 5.79587E-16 -6.7367E-18 -5.24025E-16
25 2.2E-08 0.31 0.8 0.8 0.31 0.8 -5.92911E-18 5.03486E-16 -5.92901E-18 -4.57412E-16
25 2.2E-08 0.32 0.8 0.8 0.32 0.8 -5.21026E-18 -6.46453E-17 -5.20992E-18 -4.13003E-16
25 2.2E-08 0.33 0.8 0.8 0.33 0.8 -4.57907E-18 5.73329E-16 -4.57882E-18 -2.90878E-16
25 2.2E-08 0.34 0.8 0.8 0.34 0.8 -4.02844E-18 4.97229E-16 -4.02964E-18 -2.90878E-16
25 2.2E-08 0.35 0.8 0.8 0.35 0.8 -3.55404E-18 1.75112E-16 -3.55416E-18 -2.4647E-16
25 2.2E-08 0.36 0.8 0.8 0.36 0.8 -3.1454E-18 5.67072E-16 -3.14528E-18 -2.02061E-16
25 2.2E-08 0.37 0.8 0.8 0.37 0.8 -2.79468E-18 2.44956E-16 -2.79426E-18 -2.24265E-16
25 2.2E-08 0.38 0.8 0.8 0.38 0.8 -2.49079E-18 4.1487E-16 -2.49083E-18 -2.24265E-16
25 2.2E-08 0.39 0.8 0.8 0.39 0.8 -2.22569E-18 6.87834E-17 -2.22627E-18 -2.02061E-16
25 2.2E-08 0.4 0.8 0.8 0.4 0.8 -1.99258E-18 -7.31738E-18 -1.99286E-18 -1.24345E-16
25 2.2E-08 0.41 0.8 0.8 0.41 0.8 -1.78536E-18 1.62597E-16 -1.78503E-18 -7.99361E-17
25 2.2E-08 0.42 0.8 0.8 0.42 0.8 -1.59935E-18 3.08541E-16 -1.59924E-18 -7.99361E-17
25 2.2E-08 0.43 0.8 0.8 0.43 0.8 -1.43141E-18 -1.3575E-17 -1.43111E-18 -1.02141E-16
25 2.2E-08 0.44 0.8 0.8 0.44 0.8 -1.27894E-18 1.5634E-16 -1.27893E-18 -7.99361E-17
25 2.2E-08 0.45 0.8 0.8 0.45 0.8 -1.1399E-18 5.62681E-17 -1.13995E-18 -1.02141E-16
25 2.2E-08 0.46 0.8 0.8 0.46 0.8 -1.01326E-18 -4.38033E-17 -1.01341E-18 -7.99361E-17
25 2.2E-08 0.47 0.8 0.8 0.47 0.8 -8.97724E-19 1.26111E-16 -8.97732E-19 -7.99361E-17
25 2.2E-08 0.48 0.8 0.8 0.48 0.8 -7.92106E-19 -1.96005E-16 -7.92157E-19 -3.55271E-17
25 2.2E-08 0.49 0.8 0.8 0.49 0.8 -6.95815E-19 -2.72106E-16 -6.95825E-19 -5.77316E-17
25 2.2E-08 0.5 0.8 0.8 0.5 0.8 -6.07933E-19 9.58829E-17 -6.07921E-19 -1.33227E-17
25 2.2E-08 0.51 0.8 0.8 0.51 0.8 -5.27967E-19 1.97822E-17 -5.27961E-19 -3.55271E-17
25 2.2E-08 0.52 0.8 0.8 0.52 0.8 -4.55371E-19 4.35712E-16 -4.55371E-19 -3.55271E-17
25 2.2E-08 0.53 0.8 0.8 0.53 0.8 -3.89556E-19 3.59611E-16 -3.89563E-19 -1.33227E-17
25 2.2E-08 0.54 0.8 0.8 0.54 0.8 -3.30114E-19 2.83511E-16 -3.30116E-19 -1.33227E-17
25 2.2E-08 0.55 0.8 0.8 0.55 0.8 -2.76602E-19 6.51499E-16 -2.76612E-19 -1.33227E-17
25 2.2E-08 0.56 0.8 0.8 0.56 0.8 -2.28622E-19 5.75398E-16 -2.28623E-19 -5.77316E-17
25 2.2E-08 0.57 0.8 0.8 0.57 0.8 -1.85797E-19 7.26691E-18 -1.85798E-19 -3.55271E-17
25 2.2E-08 0.58 0.8 0.8 0.58 0.8 -1.47774E-19 -6.88338E-17 -1.47771E-19 -3.55271E-17
25 2.2E-08 0.59 0.8 0.8 0.59 0.8 -1.14243E-19 -1.44935E-16 -1.14244E-19 -3.55271E-17
25 2.2E-08 0.6 0.8 0.8 0.6 0.8 -8.49415E-20 -2.21035E-16 -8.49423E-20 -3.55271E-17
25 2.2E-08 0.61 0.8 0.8 0.61 0.8 -5.96903E-20 1.46953E-16 -5.96926E-20 -1.33227E-17
25 2.2E-08 0.62 0.8 0.8 0.62 0.8 -3.8511E-20 7.08524E-17 -3.85109E-20 -1.33227E-17
25 2.2E-08 0.63 0.8 0.8 0.63 0.8 -2.22483E-20 -5.24833E-18 -2.22479E-20 -1.33227E-17
25 2.2E-08 0.64 0.8 0.8 0.64 0.8 -1.52227E-20 -8.13491E-17 -1.52219E-20 -1.33227E-17
25 2.2E-08 0.65 0.8 0.8 0.65 0.8 -2.11989E-20 -1.5745E-16 -2.11988E-20 -1.33227E-17
25 2.2E-08 0.66 0.8 0.8 0.66 0.8 -3.19036E-20 2.10539E-16 -3.19029E-20 -1.33227E-17
25 2.2E-08 0.67 0.8 0.8 0.67 0.8 -4.28749E-20 1.34438E-16 -4.2875E-20 -1.33227E-17
25 2.2E-08 0.68 0.8 0.8 0.68 0.8 -5.30012E-20 5.83372E-17 -5.30014E-20 -1.33227E-17
25 2.2E-08 0.69 0.8 0.8 0.69 0.8 -6.18394E-20 -1.77636E-17 -6.18393E-20 -1.33227E-17
25 2.2E-08 0.7 0.8 0.8 0.7 0.8 -6.91037E-20 -9.38643E-17 -6.91037E-20 -1.33227E-17
25 2.2E-08 0.71 0.8 0.8 0.71 0.8 -7.45515E-20 -1.69965E-16 -7.45517E-20 -1.33227E-17
25 2.2E-08 0.72 0.8 0.8 0.72 0.8 -7.79492E-20 1.98023E-16 -7.79492E-20 8.88178E-18
25 2.2E-08 0.73 0.8 0.8 0.73 0.8 -7.9058E-20 1.21923E-16 -7.9058E-20 8.88178E-18
25 2.2E-08 0.74 0.8 0.8 0.74 0.8 -7.763E-20 4.58219E-17 -7.763E-20 8.88178E-18
25 2.2E-08 0.75 0.8 0.8 0.75 0.8 -7.34038E-20 -3.02788E-17 -7.34038E-20 8.88178E-18
25 2.2E-08 0.76 0.8 0.8 0.76 0.8 -6.61028E-20 -1.0638E-16 -6.61029E-20 8.88178E-18
25 2.2E-08 0.77 0.8 0.8 0.77 0.8 -5.54337E-20 3.0955E-16 -5.54337E-20 8.88178E-18
25 2.2E-08 0.78 0.8 0.8 0.78 0.8 -4.10845E-20 1.85508E-16 -4.10845E-20 8.88178E-18
25 2.2E-08 0.79 0.8 0.8 0.79 0.8 -2.27239E-20 1.09407E-16 -2.27239E-20 -1.33227E-17
25 2.2E-08 0.8 0.8 0.8 0.8 0.8 -5.13663E-27 3.33067E-17 8.34202E-27 3.10862E-17
