
25 4.4E-08 0.01 0.8 0.8 0.01 0.8 -2.67945E-16 2.95566E-13 -2.67933E-16 -2.95077E-13
25 4.4E-08 0.02 0.8 0.8 0.02 0.8 -2.49606E-16 2.45488E-13 -2.49621E-16 -2.44962E-13
25 4.4E-08 0.03 0.8 0.8 0.03 0.8 -2.3235E-16 2.03844E-13 -2.32362E-16 -2.03406E-13
25 4.4E-08 0.04 0.8 0.8 0.04 0.8 -2.16114E-16 1.69204E-13 -2.16111E-16 -1.68834E-13
25 4.4E-08 0.05 0.8 0.8 0.05 0.8 -2.00809E-16 1.40439E-13 -2.00813E-16 -1.40068E-13
25 4.4E-08 0.06 0.8 0.8 0.06 0.8 -1.86428E-16 1.16532E-13 -1.86428E-16 -1.16198E-13
25 4.4E-08 0.07 0.8 0.8 0.07 0.8 -1.72896E-16 9.6714E-14 -1.72898E-16 -9.63807E-14
25 4.4E-08 0.08 0.8 0.8 0.08 0.8 -1.602E-16 8.02454E-14 -1.60199E-16 -7.9905E-14
25 4.4E-08 0.09 0.8 0.8 0.09 0.8 -1.48253E-16 6.65168E-14 -1.48252E-16 -6.62492E-14
25 4.4E-08 0.1 0.8 0.8 0.1 0.8 -1.37043E-16 5.5156E-14 -1.37048E-16 -5.48916E-14
25 4.4E-08 0.11 0.8 0.8 0.11 0.8 -1.26527E-16 4.57912E-14 -1.26528E-16 -4.55214E-14
25 4.4E-08 0.12 0.8 0.8 0.12 0.8 -1.16673E-16 3.79054E-14 -1.16671E-16 -3.77165E-14
25 4.4E-08 0.13 0.8 0.8 0.13 0.8 -1.07434E-16 3.14649E-14 -1.07438E-16 -3.12106E-14
25 4.4E-08 0.14 0.8 0.8 0.14 0.8 -9.87962E-17 2.60701E-14 -9.87917E-17 -2.58815E-14
25 4.4E-08 0.15 0.8 0.8 0.15 0.8 -9.07042E-17 2.17208E-14 -9.07023E-17 -2.14406E-14
25 4.4E-08 0.16 0.8 0.8 0.16 0.8 -8.31415E-17 1.79865E-14 -8.31393E-17 -1.78435E-14
25 4.4E-08 0.17 0.8 0.8 0.17 0.8 -7.60719E-17 1.49347E-14 -7.60804E-17 -1.4857E-14
25 4.4E-08 0.18 0.8 0.8 0.18 0.8 -6.94844E-17 1.2369E-14 -6.94792E-17 -1.22591E-14
25 4.4E-08 0.19 0.8 0.8 0.19 0.8 -6.3335E-17 1.02954E-14 -6.3335E-17 -1.02052E-14
25 4.4E-08 0.2 0.8 0.8 0.2 0.8 -5.76086E-17 8.59672E-15 -5.76043E-17 -8.51763E-15
25 4.4E-08 0.21 0.8 0.8 0.21 0.8 -5.22766E-17 7.13809E-15 -5.22776E-17 -7.09655E-15
25 4.4E-08 0.22 0.8 0.8 0.22 0.8 -4.73234E-17 5.98698E-15 -4.73174E-17 -5.8753E-15
25 4.4E-08 0.23 0.8 0.8 0.23 0.8 -4.27208E-17 5.08188E-15 -4.27213E-17 -4.94271E-15
25 4.4E-08 0.24 0.8 0.8 0.24 0.8 -3.84561E-17 4.18278E-15 -3.84551E-17 -4.17666E-15
25 4.4E-08 0.25 0.8 0.8 0.25 0.8 -3.45078E-17 3.4562E-15 -3.45154E-17 -3.42171E-15
25 4.4E-08 0.26 0.8 0.8 0.26 0.8 -3.08654E-17 3.04913E-15 -3.0864E-17 -2.93321E-15
25 4.4E-08 0.27 0.8 0.8 0.27 0.8 -2.75099E-17 2.63007E-15 -2.7511E-17 -2.46692E-15
25 4.4E-08 0.28 0.8 0.8 0.28 0.8 -2.44344E-17 2.22299E-15 -2.44352E-17 -2.08944E-15
25 4.4E-08 0.29 0.8 0.8 0.29 0.8 -2.16281E-17 1.69291E-15 -2.16281E-17 -1.78968E-15
25 4.4E-08 0.3 0.8 0.8 0.3 0.8 -1.90831E-17 1.64288E-15 -1.90856E-17 -1.53433E-15
25 4.4E-08 0.31 0.8 0.8 0.31 0.8 -1.67995E-17 1.2358E-15 -1.68001E-17 -1.32339E-15
25 4.4E-08 0.32 0.8 0.8 0.32 0.8 -1.47643E-17 1.19775E-15 -1.47634E-17 -1.11244E-15
25 4.4E-08 0.33 0.8 0.8 0.33 0.8 -1.29757E-17 1.02471E-15 -1.29757E-17 -9.68114E-16
25 4.4E-08 0.34 0.8 0.8 0.34 0.8 -1.14165E-17 8.63653E-16 -1.14156E-17 -9.01501E-16
25 4.4E-08 0.35 0.8 0.8 0.35 0.8 -1.00701E-17 7.02595E-16 -1.00711E-17 -7.57172E-16
25 4.4E-08 0.36 0.8 0.8 0.36 0.8 -8.9132E-18 7.75566E-16 -8.91236E-18 -6.90559E-16
25 4.4E-08 0.37 0.8 0.8 0.37 0.8 -7.91815E-18 6.14508E-16 -7.9182E-18 -6.23945E-16
25 4.4E-08 0.38 0.8 0.8 0.38 0.8 -7.05736E-18 5.76458E-16 -7.05765E-18 -5.24025E-16
25 4.4E-08 0.39 0.8 0.8 0.39 0.8 -6.30687E-18 6.4943E-16 -6.30621E-18 -4.79616E-16
25 4.4E-08 0.4 0.8 0.8 0.4 0.8 -5.64637E-18 4.88372E-16 -5.64614E-18 -4.57412E-16
25 4.4E-08 0.41 0.8 0.8 0.41 0.8 -5.05774E-18 3.27314E-16 -5.05795E-18 -4.35207E-16
25 4.4E-08 0.42 0.8 0.8 0.42 0.8 -4.53044E-18 4.00286E-16 -4.531E-18 -3.90799E-16
25 4.4E-08 0.43 0.8 0.8 0.43 0.8 -4.0549E-18 4.85243E-16 -4.05507E-18 -3.90799E-16
25 4.4E-08 0.44 0.8 0.8 0.44 0.8 -3.62278E-18 2.01177E-16 -3.62312E-18 -3.13083E-16
25 4.4E-08 0.45 0.8 0.8 0.45 0.8 -3.22968E-18 3.97157E-16 -3.22998E-18 -2.68674E-16
25 4.4E-08 0.46 0.8 0.8 0.46 0.8 -2.87111E-18 3.47121E-16 -2.87116E-18 -2.90878E-16
25 4.4E-08 0.47 0.8 0.8 0.47 0.8 -2.54362E-18 1.86063E-16 -2.54368E-18 -2.24265E-16
25 4.4E-08 0.48 0.8 0.8 0.48 0.8 -2.24449E-18 1.48013E-16 -2.24433E-18 -2.24265E-16
25 4.4E-08 0.49 0.8 0.8 0.49 0.8 -1.97137E-18 3.55978E-16 -1.97142E-18 -2.24265E-16
25 4.4E-08 0.5 0.8 0.8 0.5 0.8 -1.72254E-18 2.93957E-16 -1.72253E-18 -2.24265E-16
25 4.4E-08 0.51 0.8 0.8 0.51 0.8 -1.49596E-18 2.55906E-16 -1.4959E-18 -2.02061E-16
25 4.4E-08 0.52 0.8 0.8 0.52 0.8 -1.29018E-18 -2.81593E-17 -1.29014E-18 -1.24345E-16
25 4.4E-08 0.53 0.8 0.8 0.53 0.8 -1.10379E-18 -6.62097E-17 -1.10376E-18 -1.24345E-16
25 4.4E-08 0.54 0.8 0.8 0.54 0.8 -9.35377E-19 1.41755E-16 -9.35367E-19 -1.02141E-16
25 4.4E-08 0.55 0.8 0.8 0.55 0.8 -7.83763E-19 3.2575E-16 -7.83748E-19 -2.02061E-16
25 4.4E-08 0.56 0.8 0.8 0.56 0.8 -6.47792E-19 2.87699E-16 -6.47807E-19 -1.24345E-16
25 4.4E-08 0.57 0.8 0.8 0.57 0.8 -5.26422E-19 2.49649E-16 -5.26419E-19 -1.02141E-16
25 4.4E-08 0.58 0.8 0.8 0.58 0.8 -4.18679E-19 2.11598E-16 -4.18689E-19 -1.02141E-16
25 4.4E-08 0.59 0.8 0.8 0.59 0.8 -3.23688E-19 -7.24673E-17 -3.2369E-19 -1.24345E-16
25 4.4E-08 0.6 0.8 0.8 0.6 0.8 -2.40671E-19 -1.10518E-16 -2.40676E-19 -1.02141E-16
25 4.4E-08 0.61 0.8 0.8 0.61 0.8 -1.69127E-19 7.34766E-17 -1.69122E-19 -7.99361E-17
25 4.4E-08 0.62 0.8 0.8 0.62 0.8 -1.09117E-19 3.54262E-17 -1.09117E-19 -7.99361E-17
25 4.4E-08 0.63 0.8 0.8 0.63 0.8 -6.3039E-20 2.43391E-16 -6.30365E-20 -5.77316E-17
25 4.4E-08 0.64 0.8 0.8 0.64 0.8 -4.31306E-20 2.05341E-16 -4.31276E-20 -5.77316E-17
25 4.4E-08 0.65 0.8 0.8 0.65 0.8 -6.0063E-20 1.6729E-16 -6.00622E-20 -5.77316E-17
25 4.4E-08 0.66 0.8 0.8 0.66 0.8 -9.03908E-20 1.05269E-16 -9.03911E-20 -5.77316E-17
25 4.4E-08 0.67 0.8 0.8 0.67 0.8 -1.21479E-19 6.7219E-17 -1.21479E-19 -7.99361E-17
25 4.4E-08 0.68 0.8 0.8 0.68 0.8 -1.5017E-19 2.75184E-16 -1.5017E-19 -3.55271E-17
25 4.4E-08 0.69 0.8 0.8 0.69 0.8 -1.75211E-19 -8.88178E-18 -1.75212E-19 -5.77316E-17
25 4.4E-08 0.7 0.8 0.8 0.7 0.8 -1.95794E-19 -4.69322E-17 -1.95794E-19 -5.77316E-17
25 4.4E-08 0.71 0.8 0.8 0.71 0.8 -2.1123E-19 -8.49825E-17 -2.1123E-19 -3.55271E-17
25 4.4E-08 0.72 0.8 0.8 0.72 0.8 -2.20856E-19 -1.47004E-16 -2.20856E-19 -3.55271E-17
25 4.4E-08 0.73 0.8 0.8 0.73 0.8 -2.23998E-19 -1.85054E-16 -2.23998E-19 -1.33227E-17
25 4.4E-08 0.74 0.8 0.8 0.74 0.8 -2.19952E-19 -2.23104E-16 -2.19952E-19 -1.33227E-17
25 4.4E-08 0.75 0.8 0.8 0.75 0.8 -2.07977E-19 -1.51394E-17 -2.07977E-19 -3.55271E-17
25 4.4E-08 0.76 0.8 0.8 0.76 0.8 -1.87291E-19 -5.31898E-17 -1.87291E-19 -1.33227E-17
25 4.4E-08 0.77 0.8 0.8 0.77 0.8 -1.57062E-19 -9.12401E-17 -1.57062E-19 -1.33227E-17
25 4.4E-08 0.78 0.8 0.8 0.78 0.8 -1.16406E-19 -1.53261E-16 -1.16406E-19 -3.55271E-17
25 4.4E-08 0.79 0.8 0.8 0.79 0.8 -6.43846E-20 -1.91312E-16 -6.43845E-20 -1.33227E-17
25 4.4E-08 0.8 0.8 0.8 0.8 0.8 1.55793E-26 -2.29362E-16 -6.40305E-28 -1.33227E-17
