
25 8.8E-08 0.01 0.8 0.8 0.01 0.8 -6.14665E-16 6.78059E-13 -6.14664E-16 -6.7675E-13
25 8.8E-08 0.02 0.8 0.8 0.02 0.8 -5.7264E-16 5.63169E-13 -5.72645E-16 -5.62019E-13
25 8.8E-08 0.03 0.8 0.8 0.03 0.8 -5.33073E-16 4.67631E-13 -5.33039E-16 -4.66485E-13
25 8.8E-08 0.04 0.8 0.8 0.04 0.8 -4.95777E-16 3.88208E-13 -4.9577E-16 -3.87159E-13
25 8.8E-08 0.05 0.8 0.8 0.05 0.8 -4.607E-16 3.22185E-13 -4.60682E-16 -3.21223E-13
25 8.8E-08 0.06 0.8 0.8 0.06 0.8 -4.27676E-16 2.67356E-13 -4.277E-16 -2.66389E-13
25 8.8E-08 0.07 0.8 0.8 0.07 0.8 -3.96654E-16 2.21798E-13 -3.96668E-16 -2.20959E-13
25 8.8E-08 0.08 0.8 0.8 0.08 0.8 -3.67496E-16 1.8398E-13 -3.67493E-16 -1.83156E-13
25 8.8E-08 0.09 0.8 0.8 0.09 0.8 -3.40113E-16 1.52591E-13 -3.4011E-16 -1.51836E-13
25 8.8E-08 0.1 0.8 0.8 0.1 0.8 -3.14397E-16 1.26522E-13 -3.14399E-16 -1.25824E-13
25 8.8E-08 0.11 0.8 0.8 0.11 0.8 -2.90267E-16 1.04942E-13 -2.90271E-16 -1.04297E-13
25 8.8E-08 0.12 0.8 0.8 0.12 0.8 -2.67645E-16 8.70221E-14 -2.67673E-16 -8.64664E-14
25 8.8E-08 0.13 0.8 0.8 0.13 0.8 -2.46489E-16 7.21622E-14 -2.46465E-16 -7.16005E-14
25 8.8E-08 0.14 0.8 0.8 0.14 0.8 -2.26648E-16 5.98395E-14 -2.26646E-16 -5.93547E-14
25 8.8E-08 0.15 0.8 0.8 0.15 0.8 -2.08076E-16 4.96693E-14 -2.08076E-16 -4.91629E-14
25 8.8E-08 0.16 0.8 0.8 0.16 0.8 -1.90733E-16 4.1252E-14 -1.90736E-16 -4.07918E-14
25 8.8E-08 0.17 0.8 0.8 0.17 0.8 -1.7452E-16 3.42523E-14 -1.74524E-16 -3.38307E-14
25 8.8E-08 0.18 0.8 0.8 0.18 0.8 -1.59401E-16 2.84489E-14 -1.59392E-16 -2.80576E-14
25 8.8E-08 0.19 0.8 0.8 0.19 0.8 -1.45297E-16 2.36603E-14 -1.45311E-16 -2.32614E-14
25 8.8E-08 0.2 0.8 0.8 0.2 0.8 -1.32161E-16 1.96743E-14 -1.32154E-16 -1.93867E-14
25 8.8E-08 0.21 0.8 0.8 0.21 0.8 -1.1993E-16 1.64233E-14 -1.1993E-16 -1.61338E-14
25 8.8E-08 0.22 0.8 0.8 0.22 0.8 -1.08548E-16 1.37259E-14 -1.08561E-16 -1.34692E-14
25 8.8E-08 0.23 0.8 0.8 0.23 0.8 -9.80054E-17 1.15205E-14 -9.80018E-17 -1.12044E-14
25 8.8E-08 0.24 0.8 0.8 0.24 0.8 -8.82141E-17 9.62561E-15 -8.82101E-17 -9.38361E-15
25 8.8E-08 0.25 0.8 0.8 0.25 0.8 -7.91694E-17 8.1245E-15 -7.91636E-17 -7.8626E-15
25 8.8E-08 0.26 0.8 0.8 0.26 0.8 -7.08078E-17 6.81389E-15 -7.08069E-17 -6.57474E-15
25 8.8E-08 0.27 0.8 0.8 0.27 0.8 -6.31024E-17 5.80481E-15 -6.31132E-17 -5.52003E-15
25 8.8E-08 0.28 0.8 0.8 0.28 0.8 -5.60611E-17 4.86323E-15 -5.60566E-17 -4.73177E-15
25 8.8E-08 0.29 0.8 0.8 0.29 0.8 -4.96167E-17 4.16766E-15 -4.96172E-17 -4.01013E-15
25 8.8E-08 0.3 0.8 0.8 0.3 0.8 -4.37821E-17 3.52761E-15 -4.37808E-17 -3.3995E-15
25 8.8E-08 0.31 0.8 0.8 0.31 0.8 -3.85422E-17 3.07806E-15 -3.85432E-17 -2.93321E-15
25 8.8E-08 0.32 0.8 0.8 0.32 0.8 -3.38734E-17 2.6285E-15 -3.3876E-17 -2.53353E-15
25 8.8E-08 0.33 0.8 0.8 0.33 0.8 -2.97642E-17 2.29597E-15 -2.97637E-17 -2.15605E-15
25 8.8E-08 0.34 0.8 0.8 0.34 0.8 -2.61889E-17 1.96942E-15 -2.61868E-17 -1.8785E-15
25 8.8E-08 0.35 0.8 0.8 0.35 0.8 -2.31027E-17 1.82739E-15 -2.30982E-17 -1.66755E-15
25 8.8E-08 0.36 0.8 0.8 0.36 0.8 -2.04458E-17 1.49485E-15 -2.04485E-17 -1.45661E-15
25 8.8E-08 0.37 0.8 0.8 0.37 0.8 -1.81652E-17 1.35282E-15 -1.81652E-17 -1.24567E-15
25 8.8E-08 0.38 0.8 0.8 0.38 0.8 -1.61903E-17 1.14928E-15 -1.61907E-17 -1.07914E-15
25 8.8E-08 0.39 0.8 0.8 0.39 0.8 -1.44697E-17 1.12426E-15 -1.44695E-17 -1.01252E-15
25 8.8E-08 0.4 0.8 0.8 0.4 0.8 -1.29524E-17 9.20728E-16 -1.29524E-17 -9.4591E-16
25 8.8E-08 0.41 0.8 0.8 0.41 0.8 -1.1604E-17 8.40199E-16 -1.16052E-17 -8.23785E-16
25 8.8E-08 0.42 0.8 0.8 0.42 0.8 -1.03949E-17 8.15181E-16 -1.03947E-17 -7.57172E-16
25 8.8E-08 0.43 0.8 0.8 0.43 0.8 -9.30159E-18 8.5766E-16 -9.30234E-18 -6.90559E-16
25 8.8E-08 0.44 0.8 0.8 0.44 0.8 -8.3112E-18 5.92619E-16 -8.31184E-18 -6.12843E-16
25 8.8E-08 0.45 0.8 0.8 0.45 0.8 -7.40889E-18 6.90609E-16 -7.40962E-18 -5.4623E-16
25 8.8E-08 0.46 0.8 0.8 0.46 0.8 -6.58709E-18 6.65591E-16 -6.58664E-18 -5.4623E-16
25 8.8E-08 0.47 0.8 0.8 0.47 0.8 -5.83511E-18 5.23558E-16 -5.83511E-18 -4.79616E-16
25 8.8E-08 0.48 0.8 0.8 0.48 0.8 -5.149E-18 5.66037E-16 -5.14891E-18 -4.57412E-16
25 8.8E-08 0.49 0.8 0.8 0.49 0.8 -4.52253E-18 4.24004E-16 -4.52252E-18 -4.57412E-16
25 8.8E-08 0.5 0.8 0.8 0.5 0.8 -3.95165E-18 5.16001E-16 -3.95165E-18 -3.79696E-16
25 8.8E-08 0.51 0.8 0.8 0.51 0.8 -3.43178E-18 4.96976E-16 -3.43175E-18 -3.35287E-16
25 8.8E-08 0.52 0.8 0.8 0.52 0.8 -2.95986E-18 4.77951E-16 -2.95985E-18 -3.13083E-16
25 8.8E-08 0.53 0.8 0.8 0.53 0.8 -2.53216E-18 2.1291E-16 -2.53222E-18 -2.90878E-16
25 8.8E-08 0.54 0.8 0.8 0.54 0.8 -2.14583E-18 1.93885E-16 -2.14586E-18 -2.68674E-16
25 8.8E-08 0.55 0.8 0.8 0.55 0.8 -1.79803E-18 4.0889E-16 -1.79804E-18 -2.68674E-16
25 8.8E-08 0.56 0.8 0.8 0.56 0.8 -1.48607E-18 2.66857E-16 -1.48612E-18 -1.68754E-16
25 8.8E-08 0.57 0.8 0.8 0.57 0.8 -1.2077E-18 3.7084E-16 -1.20769E-18 -1.68754E-16
25 8.8E-08 0.58 0.8 0.8 0.58 0.8 -9.60509E-19 2.28807E-16 -9.60485E-19 -1.46549E-16
25 8.8E-08 0.59 0.8 0.8 0.59 0.8 -7.42572E-19 2.09782E-16 -7.42564E-19 -1.24345E-16
25 8.8E-08 0.6 0.8 0.8 0.6 0.8 -5.52145E-19 1.90757E-16 -5.5214E-19 -1.46549E-16
25 8.8E-08 0.61 0.8 0.8 0.61 0.8 -3.88001E-19 2.82754E-16 -3.87993E-19 -1.02141E-16
25 8.8E-08 0.62 0.8 0.8 0.62 0.8 -2.50326E-19 1.40721E-16 -2.50328E-19 -1.02141E-16
25 8.8E-08 0.63 0.8 0.8 0.63 0.8 -1.44622E-19 1.21696E-16 -1.44616E-19 -1.46549E-16
25 8.8E-08 0.64 0.8 0.8 0.64 0.8 -9.89492E-20 1.0267E-16 -9.89436E-20 -7.99361E-17
25 8.8E-08 0.65 0.8 0.8 0.65 0.8 -1.37795E-19 -3.93625E-17 -1.37791E-19 -5.77316E-17
25 8.8E-08 0.66 0.8 0.8 0.66 0.8 -2.07369E-19 2.9865E-16 -2.07367E-19 -7.99361E-17
25 8.8E-08 0.67 0.8 0.8 0.67 0.8 -2.78686E-19 1.56617E-16 -2.78688E-19 -7.99361E-17
25 8.8E-08 0.68 0.8 0.8 0.68 0.8 -3.4451E-19 1.37592E-16 -3.44509E-19 -1.33227E-17
25 8.8E-08 0.69 0.8 0.8 0.69 0.8 -4.01956E-19 1.18567E-16 -4.01957E-19 -3.55271E-17
25 8.8E-08 0.7 0.8 0.8 0.7 0.8 -4.49174E-19 9.95416E-17 -4.49175E-19 -3.55271E-17
25 8.8E-08 0.71 0.8 0.8 0.71 0.8 -4.84586E-19 -4.24913E-17 -4.84586E-19 -3.55271E-17
25 8.8E-08 0.72 0.8 0.8 0.72 0.8 -5.06671E-19 4.95059E-17 -5.06669E-19 -1.33227E-17
25 8.8E-08 0.73 0.8 0.8 0.73 0.8 -5.13877E-19 -9.2527E-17 -5.13877E-19 -3.55271E-17
25 8.8E-08 0.74 0.8 0.8 0.74 0.8 -5.04595E-19 1.34463E-16 -5.04595E-19 -3.55271E-17
25 8.8E-08 0.75 0.8 0.8 0.75 0.8 -4.77125E-19 1.15438E-16 -4.77125E-19 -1.33227E-17
25 8.8E-08 0.76 0.8 0.8 0.76 0.8 -4.29669E-19 -2.65949E-17 -4.29669E-19 6.43929E-17
25 8.8E-08 0.77 0.8 0.8 0.77 0.8 -3.60319E-19 -4.56201E-17 -3.60319E-19 6.43929E-17
25 8.8E-08 0.78 0.8 0.8 0.78 0.8 -2.67049E-19 4.6377E-17 -2.67049E-19 6.43929E-17
25 8.8E-08 0.79 0.8 0.8 0.79 0.8 -1.47706E-19 2.73519E-17 -1.47706E-19 8.65974E-17
25 8.8E-08 0.8 0.8 0.8 0.8 0.8 5.40761E-26 8.32667E-18 -3.63545E-26 8.65974E-17
