
25 2.2E-08 0.05 0 2.33648E-06 0.05 0 0 0 0 7.66866E-15 -8.65119E-15 3.21157E-19 9.22111E-16 8.34636E-18 2.22093E-22
25 2.2E-08 0.1 0 7.62008E-07 0.1 0 0 0 0 8.31499E-15 -8.69185E-15 1.04739E-19 3.00736E-16 1.98416E-17 7.24343E-23
25 2.2E-08 0.15 0 7.2314E-08 0.15 0 0 0 0 2.77701E-15 -2.67438E-15 9.93961E-21 2.85398E-17 3.52411E-17 6.87406E-24
25 2.2E-08 0.2 0 7.98922E-08 0.2 0 0 0 0 1.08454E-14 -1.09873E-14 1.09812E-20 3.15306E-17 5.54615E-17 7.59443E-24
25 2.2E-08 0.25 0 7.0732E-08 0.25 0 0 0 0 3.32285E-14 -3.32121E-14 9.72216E-21 2.79154E-17 8.17089E-17 6.72367E-24
25 2.2E-08 0.3 0 4.40978E-08 0.3 0 0 0 0 6.85067E-14 -6.85987E-14 6.06127E-21 1.74038E-17 1.15951E-16 4.19187E-24
25 2.2E-08 0.35 0 2.52551E-08 0.35 0 0 0 0 1.19975E-13 -1.20222E-13 3.47133E-21 9.96729E-18 1.62569E-16 2.40071E-24
25 2.2E-08 0.4 0 1.49568E-08 0.4 0 0 0 0 1.92286E-13 -1.92979E-13 2.05582E-21 5.90291E-18 2.33352E-16 1.42177E-24
25 2.2E-08 0.45 0 1.00751E-08 0.45 0 0 0 0 2.9568E-13 -2.96266E-13 1.38483E-21 3.97628E-18 3.60489E-16 9.57724E-25
25 2.2E-08 0.5 0 8.51135E-09 0.5 0 0 0 0 4.66132E-13 -4.66247E-13 1.16989E-21 3.35913E-18 6.28925E-16 8.09077E-25
25 2.2E-08 0.55 0 9.13206E-09 0.55 0 0 0 0 7.69735E-13 -7.70996E-13 1.25521E-21 3.6041E-18 1.25998E-15 8.6808E-25
25 2.2E-08 0.6 0 1.09553E-08 0.6 0 0 0 0 1.2247E-12 -1.22754E-12 1.50581E-21 4.32366E-18 2.82925E-15 1.04139E-24
25 2.2E-08 0.65 0 1.36679E-08 0.65 0 0 0 0 1.83562E-12 -1.84251E-12 1.87866E-21 5.39422E-18 6.81917E-15 1.29925E-24
25 2.2E-08 0.7 0 1.73224E-08 0.7 0 0 0 0 2.62884E-12 -2.64544E-12 2.38098E-21 6.83656E-18 1.69936E-14 1.64665E-24
25 2.2E-08 0.75 0 2.20464E-08 0.75 0 0 0 0 3.6414E-12 -3.68499E-12 3.03029E-21 8.70094E-18 4.27945E-14 2.0957E-24
25 2.2E-08 0.8 0 2.80057E-08 0.8 0 0 0 0 4.91737E-12 -5.02522E-12 3.8494E-21 1.10529E-17 1.07695E-13 2.66218E-24
