
25 4.4E-08 0.05 0.05 0.0164928 0 0 0 0 0 -1.24274E-11 3.54966E-14 7.31604E-15 1.23846E-11 5.65312E-18 2.01488E-18
25 4.4E-08 0.1 0.1 0.0232311 0 0 0 0 0 -1.64742E-11 8.78535E-14 1.08402E-14 1.63755E-11 6.69517E-18 2.53188E-18
25 4.4E-08 0.15 0.15 0.0284136 0 0 0 0 0 -1.92378E-11 1.65851E-13 1.37723E-14 1.90581E-11 7.09491E-18 2.84718E-18
25 4.4E-08 0.2 0.2 0.0337856 0 0 0 0 0 -2.18189E-11 2.77084E-13 1.70213E-14 2.15247E-11 7.38524E-18 3.11377E-18
25 4.4E-08 0.25 0.25 0.0395041 0 0 0 0 0 -2.43031E-11 4.29668E-13 2.07206E-14 2.38527E-11 7.63146E-18 3.34302E-18
25 4.4E-08 0.3 0.3 0.045546 0 0 0 0 0 -2.67052E-11 6.33138E-13 2.49069E-14 2.60471E-11 7.84244E-18 3.53636E-18
25 4.4E-08 0.35 0.35 0.0518538 0 0 0 0 0 -2.90517E-11 8.98768E-13 2.9591E-14 2.81233E-11 8.02114E-18 3.69589E-18
25 4.4E-08 0.4 0.4 0.0583657 0 0 0 0 0 -3.13849E-11 1.23988E-12 3.47736E-14 3.01102E-11 8.17117E-18 3.82513E-18
25 4.4E-08 0.45 0.45 0.0650286 0 0 0 0 0 -3.3755E-11 1.67219E-12 4.04527E-14 3.20424E-11 8.29698E-18 3.92848E-18
25 4.4E-08 0.5 0.5 0.071802 0 0 0 0 0 -3.62136E-11 2.21419E-12 4.66292E-14 3.39528E-11 8.40322E-18 4.01053E-18
25 4.4E-08 0.55 0.55 0.0786586 0 0 0 0 0 -3.88107E-11 2.88761E-12 5.33093E-14 3.58697E-11 8.49424E-18 4.07551E-18
25 4.4E-08 0.6 0.6 0.0855823 0 0 0 0 0 -4.15951E-11 3.71789E-12 6.05059E-14 3.78167E-11 8.57379E-18 4.12708E-18
25 4.4E-08 0.65 0.65 0.0925654 0 0 0 0 0 -4.46164E-11 4.73483E-12 6.82388E-14 3.98133E-11 8.64493E-18 4.1683E-18
25 4.4E-08 0.7 0.7 0.0996067 0 0 0 0 0 -4.7926E-11 5.9732E-12 7.65349E-14 4.18763E-11 8.71008E-18 4.20163E-18
25 4.4E-08 0.75 0.75 0.106709 0 0 0 0 0 -5.158E-11 7.47354E-12 8.54277E-14 4.4021E-11 8.77104E-18 4.229E-18
25 4.4E-08 0.8 0.8 0.113879 0 0 0 0 0 -5.56397E-11 9.28303E-12 9.49566E-14 4.62617E-11 8.82912E-18 4.25196E-18
