
25 4.4E-08 0.05 0 3.02771E-06 0.05 0 0 0 0 2.17276E-14 -2.43912E-14 1.17915E-18 2.61258E-15 2.36479E-17 5.01006E-22
25 4.4E-08 0.1 0 9.87464E-07 0.1 0 0 0 0 2.35591E-14 -2.44884E-14 3.84564E-19 8.52084E-16 5.62179E-17 1.63406E-22
25 4.4E-08 0.15 0 9.37109E-08 0.15 0 0 0 0 7.86818E-15 -8.04111E-15 3.64951E-20 8.08637E-17 9.98497E-17 1.55075E-23
25 4.4E-08 0.2 0 1.03535E-07 0.2 0 0 0 0 3.07287E-14 -3.09562E-14 4.03211E-20 8.93411E-17 1.57141E-16 1.71333E-23
25 4.4E-08 0.25 0 9.16756E-08 0.25 0 0 0 0 9.41475E-14 -9.45314E-14 3.57025E-20 7.91075E-17 2.31509E-16 1.51708E-23
25 4.4E-08 0.3 0 5.71783E-08 0.3 0 0 0 0 1.94102E-13 -1.94332E-13 2.22677E-20 4.93395E-17 3.28527E-16 9.46203E-24
25 4.4E-08 0.35 0 3.27853E-08 0.35 0 0 0 0 3.39929E-13 -3.40446E-13 1.2768E-20 2.82906E-17 4.60613E-16 5.42541E-24
25 4.4E-08 0.4 0 1.94735E-08 0.4 0 0 0 0 5.4481E-13 -5.45468E-13 7.58383E-21 1.68038E-17 6.61164E-16 3.22254E-24
25 4.4E-08 0.45 0 1.31931E-08 0.45 0 0 0 0 8.3776E-13 -8.38821E-13 5.13796E-21 1.13844E-17 1.02139E-15 2.18323E-24
25 4.4E-08 0.5 0 1.12391E-08 0.5 0 0 0 0 1.32071E-12 -1.32223E-12 4.37699E-21 9.69828E-18 1.78195E-15 1.85988E-24
25 4.4E-08 0.55 0 1.21704E-08 0.55 0 0 0 0 2.18091E-12 -2.18436E-12 4.73968E-21 1.05019E-17 3.56994E-15 2.014E-24
25 4.4E-08 0.6 0 1.4721E-08 0.6 0 0 0 0 3.46998E-12 -3.47813E-12 5.73298E-21 1.27028E-17 8.01622E-15 2.43607E-24
25 4.4E-08 0.65 0 1.84865E-08 0.65 0 0 0 0 5.20092E-12 -5.22013E-12 7.19946E-21 1.59522E-17 1.9321E-14 3.05921E-24
25 4.4E-08 0.7 0 2.35463E-08 0.7 0 0 0 0 7.44838E-12 -7.49648E-12 9.16994E-21 2.03182E-17 4.81486E-14 3.89651E-24
25 4.4E-08 0.75 0 3.00804E-08 0.75 0 0 0 0 1.03173E-11 -1.04385E-11 1.17146E-20 2.59566E-17 1.21251E-13 4.9778E-24
25 4.4E-08 0.8 0 3.83219E-08 0.8 0 0 0 0 1.39325E-11 -1.42375E-11 1.49242E-20 3.30682E-17 3.05135E-13 6.34162E-24
