
25 6.6E-08 0.05 0 3.0266E-06 0.05 0 0 0 0 3.57866E-14 -4.01355E-14 1.94142E-18 4.30307E-15 3.89494E-17 7.13958E-22
25 6.6E-08 0.1 0 9.87106E-07 0.1 0 0 0 0 3.88032E-14 -4.02935E-14 6.3317E-19 1.40344E-15 9.25941E-17 2.32861E-22
25 6.6E-08 0.15 0 9.3678E-08 0.15 0 0 0 0 1.29594E-14 -1.32499E-14 6.00885E-20 1.33189E-16 1.64458E-16 2.20993E-23
25 6.6E-08 0.2 0 1.03503E-07 0.2 0 0 0 0 5.06119E-14 -5.10651E-14 6.63907E-20 1.47159E-16 2.5882E-16 2.44172E-23
25 6.6E-08 0.25 0 9.16606E-08 0.25 0 0 0 0 1.55066E-13 -1.55605E-13 5.87945E-20 1.30321E-16 3.81308E-16 2.16234E-23
25 6.6E-08 0.3 0 5.71957E-08 0.3 0 0 0 0 3.19698E-13 -3.20295E-13 3.66874E-20 8.13197E-17 5.41103E-16 1.34929E-23
25 6.6E-08 0.35 0 3.28401E-08 0.35 0 0 0 0 5.59883E-13 -5.60635E-13 2.10648E-20 4.66913E-17 7.58656E-16 7.74722E-24
25 6.6E-08 0.4 0 1.95719E-08 0.4 0 0 0 0 8.97334E-13 -8.98453E-13 1.25541E-20 2.78269E-17 1.08898E-15 4.61716E-24
25 6.6E-08 0.45 0 1.33464E-08 0.45 0 0 0 0 1.37984E-12 -1.38158E-12 8.56087E-21 1.89757E-17 1.68228E-15 3.14852E-24
25 6.6E-08 0.5 0 1.14767E-08 0.5 0 0 0 0 2.17528E-12 -2.17827E-12 7.36155E-21 1.63173E-17 2.93498E-15 2.70743E-24
25 6.6E-08 0.55 0 1.25541E-08 0.55 0 0 0 0 3.59209E-12 -3.59807E-12 8.05267E-21 1.78492E-17 5.8799E-15 2.96162E-24
25 6.6E-08 0.6 0 1.53206E-08 0.6 0 0 0 0 5.71525E-12 -5.72852E-12 9.82716E-21 2.17825E-17 1.32032E-14 3.61424E-24
25 6.6E-08 0.65 0 1.93737E-08 0.65 0 0 0 0 8.56622E-12 -8.59794E-12 1.2427E-20 2.75451E-17 3.18228E-14 4.57039E-24
25 6.6E-08 0.7 0 2.48052E-08 0.7 0 0 0 0 1.22679E-11 -1.23473E-11 1.5911E-20 3.52675E-17 7.93035E-14 5.85174E-24
25 6.6E-08 0.75 0 3.1813E-08 0.75 0 0 0 0 1.69932E-11 -1.71931E-11 2.0406E-20 4.5231E-17 1.99708E-13 7.50492E-24
25 6.6E-08 0.8 0 4.06502E-08 0.8 0 0 0 0 2.29477E-11 -2.34502E-11 2.60745E-20 5.77956E-17 5.02575E-13 9.58969E-24
