
25 6.6E-08 0.05 0.05 0.0164945 0 0 0 0 0 -2.04869E-11 5.84664E-14 1.20513E-14 2.04164E-11 8.05772E-18 2.8727E-18
25 6.6E-08 0.1 0.1 0.0232322 0 0 0 0 0 -2.71592E-11 1.44701E-13 1.78555E-14 2.69967E-11 9.544E-18 3.60978E-18
25 6.6E-08 0.15 0.15 0.0284124 0 0 0 0 0 -3.17146E-11 2.73165E-13 2.26827E-14 3.14187E-11 1.01158E-17 4.05923E-18
25 6.6E-08 0.2 0.2 0.0337826 0 0 0 0 0 -3.597E-11 4.5637E-13 2.80319E-14 3.54855E-11 1.05324E-17 4.43939E-18
25 6.6E-08 0.25 0.25 0.0394997 0 0 0 0 0 -4.00661E-11 7.07684E-13 3.41232E-14 3.93243E-11 1.08868E-17 4.76647E-18
25 6.6E-08 0.3 0.3 0.0455408 0 0 0 0 0 -4.40267E-11 1.04281E-12 4.10169E-14 4.29428E-11 1.11915E-17 5.04249E-18
25 6.6E-08 0.35 0.35 0.0518481 0 0 0 0 0 -4.78953E-11 1.48032E-12 4.8731E-14 4.63662E-11 1.14507E-17 5.27041E-18
25 6.6E-08 0.4 0.4 0.05836 0 0 0 0 0 -5.17415E-11 2.04215E-12 5.72664E-14 4.9642E-11 1.16695E-17 5.45526E-18
25 6.6E-08 0.45 0.45 0.0650231 0 0 0 0 0 -5.5648E-11 2.75419E-12 6.66201E-14 5.28271E-11 1.18543E-17 5.60331E-18
25 6.6E-08 0.5 0.5 0.0717969 0 0 0 0 0 -5.96997E-11 3.6469E-12 7.67932E-14 5.5976E-11 1.20116E-17 5.72107E-18
25 6.6E-08 0.55 0.55 0.078654 0 0 0 0 0 -6.39794E-11 4.75605E-12 8.7796E-14 5.91356E-11 1.21477E-17 5.81458E-18
25 6.6E-08 0.6 0.6 0.0855783 0 0 0 0 0 -6.85677E-11 6.12358E-12 9.96496E-14 6.23445E-11 1.2268E-17 5.88909E-18
25 6.6E-08 0.65 0.65 0.0925619 0 0 0 0 0 -7.35459E-11 7.79854E-12 1.12387E-13 6.5635E-11 1.23769E-17 5.94894E-18
25 6.6E-08 0.7 0.7 0.0996038 0 0 0 0 0 -7.89993E-11 9.83821E-12 1.26052E-13 6.9035E-11 1.24777E-17 5.99764E-18
25 6.6E-08 0.75 0.75 0.106707 0 0 0 0 0 -8.50198E-11 1.23094E-11 1.40699E-13 7.25697E-11 1.25731E-17 6.03798E-18
25 6.6E-08 0.8 0.8 0.113877 0 0 0 0 0 -9.17087E-11 1.52897E-11 1.56395E-13 7.62626E-11 1.26648E-17 6.07216E-18
