
25 8.8E-08 0.05 0 3.02606E-06 0.05 0 0 0 0 4.98456E-14 -5.58941E-14 2.70364E-18 5.99356E-15 5.42508E-17 9.26927E-22
25 8.8E-08 0.1 0 9.86931E-07 0.1 0 0 0 0 5.40473E-14 -5.61426E-14 8.8176E-19 1.95479E-15 1.2897E-16 3.02323E-22
25 8.8E-08 0.15 0 9.3662E-08 0.15 0 0 0 0 1.80505E-14 -1.8474E-14 8.36804E-20 1.85515E-16 2.29067E-16 2.86916E-23
25 8.8E-08 0.2 0 1.03488E-07 0.2 0 0 0 0 7.04951E-14 -7.10468E-14 9.24589E-20 2.04977E-16 3.605E-16 3.17016E-23
25 8.8E-08 0.25 0 9.16535E-08 0.25 0 0 0 0 2.15985E-13 -2.16678E-13 8.1886E-20 1.81537E-16 5.31108E-16 2.80764E-23
25 8.8E-08 0.3 0 5.72046E-08 0.3 0 0 0 0 4.45293E-13 -4.462E-13 5.11083E-20 1.13305E-16 7.53678E-16 1.75236E-23
25 8.8E-08 0.35 0 3.28676E-08 0.35 0 0 0 0 7.79838E-13 -7.80894E-13 2.93649E-20 6.51006E-17 1.0567E-15 1.00684E-23
25 8.8E-08 0.4 0 1.96212E-08 0.4 0 0 0 0 1.24986E-12 -1.25144E-12 1.75301E-20 3.88635E-17 1.51679E-15 6.0106E-24
25 8.8E-08 0.45 0 1.34231E-08 0.45 0 0 0 0 1.92192E-12 -1.92429E-12 1.19926E-20 2.6587E-17 2.34318E-15 4.11193E-24
25 8.8E-08 0.5 0 1.15955E-08 0.5 0 0 0 0 3.02986E-12 -3.03393E-12 1.03597E-20 2.29671E-17 4.08801E-15 3.55207E-24
25 8.8E-08 0.55 0 1.2746E-08 0.55 0 0 0 0 5.00327E-12 -5.01145E-12 1.13876E-20 2.52459E-17 8.18987E-15 3.90451E-24
25 8.8E-08 0.6 0 1.56203E-08 0.6 0 0 0 0 7.96053E-12 -7.97887E-12 1.39557E-20 3.09391E-17 1.83901E-14 4.78502E-24
25 8.8E-08 0.65 0 1.98172E-08 0.65 0 0 0 0 1.19315E-11 -1.19759E-11 1.77052E-20 3.92517E-17 4.43246E-14 6.07064E-24
25 8.8E-08 0.7 0 2.54346E-08 0.7 0 0 0 0 1.70875E-11 -1.71979E-11 2.2724E-20 5.03781E-17 1.10458E-13 7.79144E-24
25 8.8E-08 0.75 0 3.26791E-08 0.75 0 0 0 0 2.36691E-11 -2.39474E-11 2.91965E-20 6.47272E-17 2.78164E-13 1.00107E-23
25 8.8E-08 0.8 0 4.18142E-08 0.8 0 0 0 0 3.19629E-11 -3.26631E-11 3.7358E-20 8.28211E-17 7.00015E-13 1.2809E-23
