
25 1.32E-07 0.05 0.05 0.0164961 0 0 0 0 0 -4.46706E-11 1.27376E-13 2.62576E-14 4.4517E-11 1.52715E-17 5.44609E-18
25 1.32E-07 0.1 0.1 0.0232333 0 0 0 0 0 -5.92212E-11 3.15244E-13 3.89015E-14 5.88671E-11 1.80905E-17 6.84343E-18
25 1.32E-07 0.15 0.15 0.0284111 0 0 0 0 0 -6.91529E-11 5.95107E-13 4.94132E-14 6.85084E-11 1.91783E-17 7.69539E-18
25 1.32E-07 0.2 0.2 0.0337795 0 0 0 0 0 -7.84323E-11 9.94229E-13 6.10627E-14 7.7377E-11 1.99738E-17 8.41631E-18
25 1.32E-07 0.25 0.25 0.0394954 0 0 0 0 0 -8.73653E-11 1.54173E-12 7.43294E-14 8.57492E-11 2.06528E-17 9.03688E-18
25 1.32E-07 0.3 0.3 0.0455356 0 0 0 0 0 -9.60026E-11 2.27182E-12 8.93449E-14 9.36414E-11 2.12388E-17 9.56093E-18
25 1.32E-07 0.35 0.35 0.0518425 0 0 0 0 0 -1.04439E-10 3.22496E-12 1.06148E-13 1.01107E-10 2.17395E-17 9.99402E-18
25 1.32E-07 0.4 0.4 0.0583543 0 0 0 0 0 -1.12824E-10 4.44895E-12 1.24742E-13 1.08251E-10 2.21646E-17 1.03457E-17
25 1.32E-07 0.45 0.45 0.0650176 0 0 0 0 0 -1.21341E-10 6.00018E-12 1.45119E-13 1.15195E-10 2.25262E-17 1.06278E-17
25 1.32E-07 0.5 0.5 0.0717918 0 0 0 0 0 -1.30173E-10 7.94501E-12 1.67282E-13 1.2206E-10 2.28367E-17 1.08527E-17
25 1.32E-07 0.55 0.55 0.0786494 0 0 0 0 0 -1.39501E-10 1.03614E-11 1.91253E-13 1.28948E-10 2.31082E-17 1.10318E-17
25 1.32E-07 0.6 0.6 0.0855742 0 0 0 0 0 -1.49501E-10 1.33406E-11 2.17078E-13 1.35943E-10 2.33507E-17 1.11751E-17
25 1.32E-07 0.65 0.65 0.0925584 0 0 0 0 0 -1.60351E-10 1.69897E-11 2.44828E-13 1.43116E-10 2.35727E-17 1.12909E-17
25 1.32E-07 0.7 0.7 0.0996008 0 0 0 0 0 -1.72235E-10 2.14332E-11 2.74599E-13 1.50528E-10 2.37806E-17 1.13857E-17
25 1.32E-07 0.75 0.75 0.106704 0 0 0 0 0 -1.85356E-10 2.68168E-11 3.06511E-13 1.58233E-10 2.39793E-17 1.14649E-17
25 1.32E-07 0.8 0.8 0.113875 0 0 0 0 0 -1.99933E-10 3.33097E-11 3.40706E-13 1.66283E-10 2.4172E-17 1.15327E-17
