
25 1.32E-07 0.05 0 3.02553E-06 0.05 0 0 0 0 7.79637E-14 -8.74349E-14 4.22802E-18 9.37455E-15 8.48538E-17 1.35288E-21
25 1.32E-07 0.1 0 9.86759E-07 0.1 0 0 0 0 8.45355E-14 -8.77907E-14 1.37892E-18 3.0575E-15 2.01723E-16 4.41252E-22
25 1.32E-07 0.15 0 9.36462E-08 0.15 0 0 0 0 2.82329E-14 -2.88893E-14 1.30863E-19 2.90167E-16 3.58284E-16 4.18768E-23
25 1.32E-07 0.2 0 1.03472E-07 0.2 0 0 0 0 1.10262E-13 -1.11166E-13 1.44594E-19 3.20614E-16 5.63859E-16 4.62709E-23
25 1.32E-07 0.25 0 9.16467E-08 0.25 0 0 0 0 3.37823E-13 -3.38927E-13 1.28068E-19 2.83972E-16 8.30707E-16 4.09826E-23
25 1.32E-07 0.3 0 5.72138E-08 0.3 0 0 0 0 6.96484E-13 -6.97855E-13 7.99514E-20 1.7728E-16 1.17883E-15 2.55849E-23
25 1.32E-07 0.35 0 3.28952E-08 0.35 0 0 0 0 1.21975E-12 -1.22149E-12 4.59683E-20 1.01928E-16 1.65279E-15 1.47101E-23
25 1.32E-07 0.4 0 1.96705E-08 0.4 0 0 0 0 1.95491E-12 -1.95734E-12 2.74879E-20 6.09501E-17 2.37241E-15 8.79629E-24
25 1.32E-07 0.45 0 1.34999E-08 0.45 0 0 0 0 3.00608E-12 -3.00986E-12 1.88649E-20 4.183E-17 3.66498E-15 6.03688E-24
25 1.32E-07 0.5 0 1.17143E-08 0.5 0 0 0 0 4.739E-12 -4.74546E-12 1.63697E-20 3.62974E-17 6.39407E-15 5.23842E-24
25 1.32E-07 0.55 0 1.29379E-08 0.55 0 0 0 0 7.82563E-12 -7.83846E-12 1.80796E-20 4.00886E-17 1.28098E-14 5.78558E-24
25 1.32E-07 0.6 0 1.59201E-08 0.6 0 0 0 0 1.24511E-11 -1.24799E-11 2.2247E-20 4.93293E-17 2.87641E-14 7.11918E-24
25 1.32E-07 0.65 0 2.02607E-08 0.65 0 0 0 0 1.86621E-11 -1.87315E-11 2.83125E-20 6.27786E-17 6.93282E-14 9.06019E-24
25 1.32E-07 0.7 0 2.6064E-08 0.7 0 0 0 0 2.67265E-11 -2.68993E-11 3.64222E-20 8.07605E-17 1.72768E-13 1.16553E-23
25 1.32E-07 0.75 0 3.35452E-08 0.75 0 0 0 0 3.70209E-11 -3.74562E-11 4.68766E-20 1.03942E-16 4.35077E-13 1.50008E-23
25 1.32E-07 0.8 0 4.29782E-08 0.8 0 0 0 0 4.99932E-11 -5.10882E-11 6.00584E-20 1.3317E-16 1.0949E-12 1.9219E-23
