
25 1.76E-07 0.05 0 3.02527E-06 0.05 0 0 0 0 1.06082E-13 -1.18961E-13 5.75239E-18 1.27555E-14 1.15457E-16 1.77885E-21
25 1.76E-07 0.1 0 9.86674E-07 0.1 0 0 0 0 1.15024E-13 -1.19451E-13 1.87608E-18 4.16021E-15 2.74475E-16 5.80184E-22
25 1.76E-07 0.15 0 9.36385E-08 0.15 0 0 0 0 3.84152E-14 -3.9297E-14 1.78044E-19 3.94819E-16 4.87501E-16 5.50622E-23
25 1.76E-07 0.2 0 1.03465E-07 0.2 0 0 0 0 1.50028E-13 -1.51243E-13 1.96728E-19 4.36252E-16 7.67218E-16 6.08405E-23
25 1.76E-07 0.25 0 9.16434E-08 0.25 0 0 0 0 4.59661E-13 -4.61202E-13 1.74251E-19 3.86407E-16 1.13031E-15 5.3889E-23
25 1.76E-07 0.3 0 5.72184E-08 0.3 0 0 0 0 9.47675E-13 -9.49522E-13 1.08795E-19 2.41257E-16 1.60398E-15 3.36461E-23
25 1.76E-07 0.35 0 3.29091E-08 0.35 0 0 0 0 1.65965E-12 -1.66204E-12 6.25734E-20 1.38759E-16 2.24887E-15 1.93516E-23
25 1.76E-07 0.4 0 1.96952E-08 0.4 0 0 0 0 2.65996E-12 -2.66331E-12 3.74484E-20 8.30433E-17 3.22804E-15 1.15814E-23
25 1.76E-07 0.45 0 1.35382E-08 0.45 0 0 0 0 4.09024E-12 -4.09527E-12 2.57416E-20 5.70829E-17 4.98677E-15 7.96089E-24
25 1.76E-07 0.5 0 1.17737E-08 0.5 0 0 0 0 6.44815E-12 -6.45689E-12 2.23866E-20 4.9643E-17 8.70013E-15 6.92331E-24
25 1.76E-07 0.55 0 1.30338E-08 0.55 0 0 0 0 1.0648E-11 -1.06654E-11 2.47825E-20 5.49561E-17 1.74297E-14 7.66428E-24
25 1.76E-07 0.6 0 1.607E-08 0.6 0 0 0 0 1.69416E-11 -1.69808E-11 3.05555E-20 6.77579E-17 3.9138E-14 9.44965E-24
25 1.76E-07 0.65 0 2.04824E-08 0.65 0 0 0 0 2.53927E-11 -2.54871E-11 3.89452E-20 8.63625E-17 9.43319E-14 1.20443E-23
25 1.76E-07 0.7 0 2.63786E-08 0.7 0 0 0 0 3.63656E-11 -3.66008E-11 5.01563E-20 1.11224E-16 2.35078E-13 1.55114E-23
25 1.76E-07 0.75 0 3.39783E-08 0.75 0 0 0 0 5.03727E-11 -5.09648E-11 6.46063E-20 1.43267E-16 5.9199E-13 1.99802E-23
25 1.76E-07 0.8 0 4.35601E-08 0.8 0 0 0 0 6.80235E-11 -6.95136E-11 8.28253E-20 1.83668E-16 1.48978E-12 2.56147E-23
