
25 1.76E-07 0.05 0.05 0.0164965 0 0 0 0 0 -6.07942E-11 1.73316E-13 3.57285E-14 6.05851E-11 2.00806E-17 7.16168E-18
25 1.76E-07 0.1 0.1 0.0232335 0 0 0 0 0 -8.05973E-11 4.28939E-13 5.29322E-14 8.01154E-11 2.37881E-17 8.9992E-18
25 1.76E-07 0.15 0.15 0.0284108 0 0 0 0 0 -9.41134E-11 8.09735E-13 6.72334E-14 9.32364E-11 2.522E-17 1.01195E-17
25 1.76E-07 0.2 0.2 0.0337788 0 0 0 0 0 -1.06742E-10 1.3528E-12 8.3083E-14 1.05306E-10 2.62681E-17 1.10676E-17
25 1.76E-07 0.25 0.25 0.0394943 0 0 0 0 0 -1.189E-10 2.09776E-12 1.01133E-13 1.16701E-10 2.71635E-17 1.18838E-17
25 1.76E-07 0.3 0.3 0.0455343 0 0 0 0 0 -1.30656E-10 3.09116E-12 1.21563E-13 1.27443E-10 2.79369E-17 1.25732E-17
25 1.76E-07 0.35 0.35 0.0518411 0 0 0 0 0 -1.42136E-10 4.38805E-12 1.44426E-13 1.37604E-10 2.85987E-17 1.31431E-17
25 1.76E-07 0.4 0.4 0.0583529 0 0 0 0 0 -1.53549E-10 6.05348E-12 1.69725E-13 1.47326E-10 2.91614E-17 1.3606E-17
25 1.76E-07 0.45 0.45 0.0650163 0 0 0 0 0 -1.65139E-10 8.16417E-12 1.97452E-13 1.56777E-10 2.96408E-17 1.39775E-17
25 1.76E-07 0.5 0.5 0.0717906 0 0 0 0 0 -1.77157E-10 1.08104E-11 2.27608E-13 1.66119E-10 3.00535E-17 1.42738E-17
25 1.76E-07 0.55 0.55 0.0786483 0 0 0 0 0 -1.89851E-10 1.40983E-11 2.60224E-13 1.75493E-10 3.04152E-17 1.451E-17
25 1.76E-07 0.6 0.6 0.0855732 0 0 0 0 0 -2.03459E-10 1.8152E-11 2.95363E-13 1.85012E-10 3.07392E-17 1.46991E-17
25 1.76E-07 0.65 0.65 0.0925575 0 0 0 0 0 -2.18223E-10 2.31171E-11 3.33122E-13 1.94773E-10 3.10367E-17 1.48521E-17
25 1.76E-07 0.7 0.7 0.0996 0 0 0 0 0 -2.34396E-10 2.91632E-11 3.7363E-13 2.04859E-10 3.1316E-17 1.49777E-17
25 1.76E-07 0.75 0.75 0.106704 0 0 0 0 0 -2.5225E-10 3.64884E-11 4.17052E-13 2.15345E-10 3.15835E-17 1.50829E-17
25 1.76E-07 0.8 0.8 0.113875 0 0 0 0 0 -2.72086E-10 4.5323E-11 4.6358E-13 2.263E-10 3.18435E-17 1.51731E-17
