
25 0 0.01 0 0.01 0.8 0.01 3.27038E-17 -6.55831E-12 6.55868E-12 6.55865E-12
25 0 0.02 0 0.02 0.8 0.02 3.3238E-17 -4.42846E-12 4.42866E-12 4.42863E-12
25 0 0.03 0 0.03 0.8 0.03 3.36005E-17 -2.97584E-12 2.97524E-12 2.97522E-12
25 0 0.04 0 0.04 0.8 0.04 3.38469E-17 -1.99218E-12 1.99175E-12 1.99173E-12
25 0 0.05 0 0.05 0.8 0.05 3.40147E-17 -1.33049E-12 1.33013E-12 1.33011E-12
25 0 0.06 0 0.06 0.8 0.06 3.41298E-17 -8.87734E-13 8.86833E-13 8.86811E-13
25 0 0.07 0 0.07 0.8 0.07 3.42097E-17 -5.8975E-13 5.90635E-13 5.90614E-13
25 0 0.08 0 0.08 0.8 0.08 3.42664E-17 -3.93463E-13 3.9308E-13 3.93061E-13
25 0 0.09 0 0.09 0.8 0.09 3.43087E-17 -2.61569E-13 2.61472E-13 2.61454E-13
25 0 0.1 0 0.1 0.8 0.1 3.43427E-17 -1.74083E-13 1.73881E-13 1.73864E-13
25 0 0.11 0 0.11 0.8 0.11 3.43733E-17 -1.15907E-13 1.15607E-13 1.15592E-13
25 0 0.12 0 0.12 0.8 0.12 3.44049E-17 -7.77156E-14 7.6849E-14 7.68344E-14
25 0 0.13 0 0.13 0.8 0.13 3.44416E-17 -5.06262E-14 5.10943E-14 5.10807E-14
25 0 0.14 0 0.14 0.8 0.14 3.44883E-17 -3.41949E-14 3.39577E-14 3.39451E-14
25 0 0.15 0 0.15 0.8 0.15 3.4551E-17 -2.26485E-14 2.25701E-14 2.25583E-14
25 0 0.16 0 0.16 0.8 0.16 3.46375E-17 -1.46549E-14 1.49919E-14 1.49811E-14
25 0 0.17 0 0.17 0.8 0.17 3.47587E-17 -1.02141E-14 9.96726E-15 9.95731E-15
25 0 0.18 0 0.18 0.8 0.18 3.49297E-17 -6.66134E-15 6.62876E-15 6.6197E-15
25 0 0.19 0 0.19 0.8 0.19 3.51719E-17 -5.32907E-15 4.4074E-15 4.39926E-15
25 0 0.2 0 0.2 0.8 0.2 3.55152E-17 -2.66454E-15 2.9215E-15 2.91434E-15
25 0 0.21 0 0.21 0.8 0.21 3.60025E-17 -2.22045E-15 1.94897E-15 1.94289E-15
25 0 0.22 0 0.22 0.8 0.22 3.66942E-17 -1.77636E-15 1.28852E-15 1.2837E-15
25 0 0.23 0 0.23 0.8 0.23 3.76762E-17 -1.33227E-15 8.49859E-16 8.46545E-16
25 0 0.24 0 0.24 0.8 0.24 3.90703E-17 -4.44089E-16 5.77354E-16 5.75928E-16
25 0 0.25 0 0.25 0.8 0.25 4.10493E-17 -4.44089E-16 3.80622E-16 3.81639E-16
25 0 0.26 0 0.26 0.8 0.26 4.38585E-17 -4.44089E-16 2.31661E-16 2.35922E-16
25 0 0.27 0 0.27 0.8 0.27 4.7846E-17 -4.44089E-16 1.50939E-16 1.59595E-16
25 0 0.28 0 0.28 0.8 0.28 5.35057E-17 0 9.63263E-17 1.11022E-16
25 0 0.29 0 0.29 0.8 0.29 6.15382E-17 0 2.54874E-17 4.85723E-17
25 0 0.3 0 0.3 0.8 0.3 7.29379E-17 0 -7.06196E-18 2.77556E-17
25 0 0.31 0 0.31 0.8 0.31 8.91155E-17 0 -9.67274E-18 4.16334E-17
25 0 0.32 0 0.32 0.8 0.32 1.12072E-16 4.44089E-16 -4.67977E-17 2.77556E-17
25 0 0.33 0 0.33 0.8 0.33 1.44649E-16 0 -9.35222E-17 1.38778E-17
25 0 0.34 0 0.34 0.8 0.34 1.90873E-16 0 -1.67754E-16 -1.38778E-17
25 0 0.35 0 0.35 0.8 0.35 2.56462E-16 0 -2.05822E-16 1.38778E-17
25 0 0.36 0 0.36 0.8 0.36 3.49527E-16 0 -3.26861E-16 -1.38778E-17
25 0 0.37 0 0.37 0.8 0.37 4.81577E-16 0 -4.72991E-16 -2.77556E-17
25 0 0.38 0 0.38 0.8 0.38 6.68944E-16 0 -6.32791E-16 0
25 0 0.39 0 0.39 0.8 0.39 9.34806E-16 0 -8.98828E-16 0
25 0 0.4 0 0.4 0.8 0.4 1.31206E-15 0 -1.27624E-15 0
25 0 0.41 0 0.41 0.8 0.41 1.84741E-15 0 -1.81174E-15 0
25 0 0.42 0 0.42 0.8 0.42 2.60715E-15 0 -2.59937E-15 -2.77556E-17
25 0 0.43 0 0.43 0.8 0.43 3.68543E-15 0 -3.6639E-15 -1.38778E-17
25 0 0.44 0 0.44 0.8 0.44 5.21598E-15 0 -5.18069E-15 0
25 0 0.45 0 0.45 0.8 0.45 7.3888E-15 0 -7.38137E-15 -2.77556E-17
25 0 0.46 0 0.46 0.8 0.46 1.04739E-14 0 -1.04111E-14 2.77556E-17
25 0 0.47 0 0.47 0.8 0.47 1.48552E-14 0 -1.48341E-14 -1.38778E-17
25 0 0.48 0 0.48 0.8 0.48 2.10786E-14 0 -2.10575E-14 -1.38778E-17
25 0 0.49 0 0.49 0.8 0.49 2.99209E-14 0 -2.99138E-14 -2.77556E-17
25 0 0.5 0 0.5 0.8 0.5 4.24879E-14 0 -4.24809E-14 -2.77556E-17
25 0 0.51 0 0.51 0.8 0.51 6.03543E-14 0 -6.03057E-14 1.38778E-17
25 0 0.52 0 0.52 0.8 0.52 8.5764E-14 0 -8.57571E-14 -2.77556E-17
25 0 0.53 0 0.53 0.8 0.53 1.21916E-13 0 -1.21882E-13 0
25 0 0.54 0 0.54 0.8 0.54 1.73375E-13 0 -1.73327E-13 1.38778E-17
25 0 0.55 0 0.55 0.8 0.55 2.46657E-13 0 -2.46608E-13 1.38778E-17
25 0 0.56 0 0.56 0.8 0.56 3.51067E-13 0 -3.51046E-13 -1.38778E-17
25 0 0.57 0 0.57 0.8 0.57 4.99909E-13 0 -4.99916E-13 -4.16334E-17
25 0 0.58 0 0.58 0.8 0.58 7.12213E-13 0 -7.12178E-13 0
25 0 0.59 0 0.59 0.8 0.59 1.01522E-12 0 -1.01521E-12 -2.77556E-17
25 0 0.6 0 0.6 0.8 0.6 1.44794E-12 0 -1.44793E-12 -2.77556E-17
25 0 0.61 0 0.61 0.8 0.61 2.0663E-12 0 -2.06632E-12 -5.55112E-17
25 0 0.62 0 0.62 0.8 0.62 2.95053E-12 0 -2.95051E-12 -1.38778E-17
25 0 0.63 0 0.63 0.8 0.63 4.21575E-12 0 -4.21571E-12 0
25 0 0.64 0 0.64 0.8 0.64 6.02729E-12 0 -6.02723E-12 2.77556E-17
25 0 0.65 0 0.65 0.8 0.65 8.62271E-12 0 -8.6227E-12 -2.77556E-17
25 0 0.66 0 0.66 0.8 0.66 1.23435E-11 0 -1.23434E-11 0
25 0 0.67 0 0.67 0.8 0.67 1.76806E-11 0 -1.76805E-11 0
25 0 0.68 0 0.68 0.8 0.68 2.53401E-11 0 -2.534E-11 0
25 0 0.69 0 0.69 0.8 0.69 3.63377E-11 0 -3.63376E-11 2.77556E-17
25 0 0.7 0 0.7 0.8 0.7 5.21339E-11 0 -5.21338E-11 2.77556E-17
25 0 0.71 0 0.71 0.8 0.71 7.48286E-11 0 -7.48286E-11 -2.77556E-17
25 0 0.72 0 0.72 0.8 0.72 1.07439E-10 0 -1.07439E-10 0
25 0 0.73 0 0.73 0.8 0.73 1.54298E-10 0 -1.54298E-10 0
25 0 0.74 0 0.74 0.8 0.74 2.21618E-10 0 -2.21618E-10 0
25 0 0.75 0 0.75 0.8 0.75 3.183E-10 0 -3.183E-10 2.77556E-17
25 0 0.76 0 0.76 0.8 0.76 4.57066E-10 0 -4.57065E-10 0
25 0 0.77 0 0.77 0.8 0.77 6.56066E-10 0 -6.56066E-10 0
25 0 0.78 0 0.78 0.8 0.78 9.41127E-10 0 -9.41127E-10 0
25 0 0.79 0 0.79 0.8 0.79 1.34888E-09 0 -1.34888E-09 0
25 0 0.8 0 0.8 0.8 0.8 1.93112E-09 0 -1.93112E-09 -5.55112E-17
