
25 6.6E-08 0.01 0 0.01 0 0.8 6.02961E-14 3.29451E-15 -6.0284E-14 -3.28848E-15
25 6.6E-08 0.02 0 0.02 0 0.8 1.6256E-13 3.29465E-15 -1.62548E-13 -3.28848E-15
25 6.6E-08 0.03 0 0.03 0 0.8 3.2651E-13 3.29476E-15 -3.26498E-13 -3.28848E-15
25 6.6E-08 0.04 0 0.04 0 0.8 5.80953E-13 3.29486E-15 -5.80941E-13 -3.28848E-15
25 6.6E-08 0.05 0 0.05 0 0.8 9.70104E-13 3.29494E-15 -9.70092E-13 -3.28848E-15
25 6.6E-08 0.06 0 0.06 0 0.8 1.56334E-12 3.29501E-15 -1.56333E-12 -3.28848E-15
25 6.6E-08 0.07 0 0.07 0 0.8 2.4688E-12 3.29507E-15 -2.46879E-12 -3.28848E-15
25 6.6E-08 0.08 0 0.08 0 0.8 3.85289E-12 3.29512E-15 -3.85288E-12 -3.28848E-15
25 6.6E-08 0.09 0 0.09 0 0.8 5.96968E-12 3.29516E-15 -5.96967E-12 -3.28848E-15
25 6.6E-08 0.1 0 0.1 0 0.8 9.20589E-12 3.29519E-15 -9.20588E-12 -3.28848E-15
25 6.6E-08 0.11 0 0.11 0 0.8 1.41491E-11 3.29523E-15 -1.41491E-11 -3.28848E-15
25 6.6E-08 0.12 0 0.12 0 0.8 2.16907E-11 3.29527E-15 -2.16907E-11 -3.28848E-15
25 6.6E-08 0.13 0 0.13 0 0.8 3.31808E-11 3.29532E-15 -3.31808E-11 -3.28848E-15
25 6.6E-08 0.14 0 0.14 0 0.8 5.06599E-11 3.29539E-15 -5.06599E-11 -3.28848E-15
25 6.6E-08 0.15 0 0.15 0 0.8 7.72055E-11 3.2955E-15 -7.72054E-11 -3.28848E-15
25 6.6E-08 0.16 0 0.16 0 0.8 1.17446E-10 3.29568E-15 -1.17446E-10 -3.28848E-15
25 6.6E-08 0.17 0 0.17 0 0.8 1.78323E-10 3.296E-15 -1.78323E-10 -3.28848E-15
25 6.6E-08 0.18 0 0.18 0 0.8 2.70209E-10 3.29648E-15 -2.70209E-10 -3.28848E-15
25 6.6E-08 0.19 0 0.19 0 0.8 4.08546E-10 3.29715E-15 -4.08546E-10 -3.31069E-15
25 6.6E-08 0.2 0 0.2 0 0.8 6.16217E-10 3.29809E-15 -6.16217E-10 -3.31069E-15
25 6.6E-08 0.21 0 0.21 0 0.8 9.26956E-10 3.29942E-15 -9.26956E-10 -3.31069E-15
25 6.6E-08 0.22 0 0.22 0 0.8 1.39021E-09 3.30131E-15 -1.39021E-09 -3.31069E-15
25 6.6E-08 0.23 0 0.23 0 0.8 2.07798E-09 3.30401E-15 -2.07798E-09 -3.33289E-15
25 6.6E-08 0.24 0 0.24 0 0.8 3.09437E-09 3.30785E-15 -3.09437E-09 -3.33289E-15
25 6.6E-08 0.25 0 0.25 0 0.8 4.5887E-09 3.31334E-15 -4.5887E-09 -3.35509E-15
25 6.6E-08 0.26 0 0.26 0 0.8 6.77343E-09 3.32114E-15 -6.77343E-09 -3.35509E-15
25 6.6E-08 0.27 0 0.27 0 0.8 9.94818E-09 3.33219E-15 -9.94818E-09 -3.33289E-15
25 6.6E-08 0.28 0 0.28 0 0.8 1.4532E-08 3.34775E-15 -1.4532E-08 -3.35509E-15
25 6.6E-08 0.29 0 0.29 0 0.8 2.11059E-08 3.36947E-15 -2.11059E-08 -3.42171E-15
25 6.6E-08 0.3 0 0.3 0 0.8 3.04695E-08 3.39955E-15 -3.04695E-08 -3.52163E-15
25 6.6E-08 0.31 0 0.31 0 0.8 4.37146E-08 3.44081E-15 -4.37146E-08 -3.58824E-15
25 6.6E-08 0.32 0 0.32 0 0.8 6.2322E-08 3.49681E-15 -6.2322E-08 -3.75477E-15
25 6.6E-08 0.33 0 0.33 0 0.8 8.82831E-08 3.57202E-15 -8.82831E-08 -3.8658E-15
25 6.6E-08 0.34 0 0.34 0 0.8 1.2425E-07 3.672E-15 -1.2425E-07 -4.09894E-15
25 6.6E-08 0.35 0 0.35 0 0.8 1.73708E-07 3.80352E-15 -1.73708E-07 -4.52083E-15
25 6.6E-08 0.36 0 0.36 0 0.8 2.4115E-07 3.97489E-15 -2.4115E-07 -4.96492E-15
25 6.6E-08 0.37 0 0.37 0 0.8 3.32226E-07 4.19623E-15 -3.32226E-07 -5.59774E-15
25 6.6E-08 0.38 0 0.38 0 0.8 4.53819E-07 4.47986E-15 -4.53819E-07 -6.46372E-15
25 6.6E-08 0.39 0 0.39 0 0.8 6.13986E-07 4.8409E-15 -6.13986E-07 -7.58504E-15
25 6.6E-08 0.4 0 0.4 0 0.8 8.2173E-07 5.29788E-15 -8.2173E-07 -9.08384E-15
25 6.6E-08 0.41 0 0.41 0 0.8 1.08658E-06 5.8736E-15 -1.08658E-06 -1.09268E-14
25 6.6E-08 0.42 0 0.42 0 0.8 1.418E-06 6.5962E-15 -1.418E-06 -1.32139E-14
25 6.6E-08 0.43 0 0.43 0 0.8 1.82477E-06 7.5004E-15 -1.82477E-06 -1.61116E-14
25 6.6E-08 0.44 0 0.44 0 0.8 2.3143E-06 8.62902E-15 -2.3143E-06 -1.96199E-14
25 6.6E-08 0.45 0 0.45 0 0.8 2.89216E-06 1.00349E-14 -2.89216E-06 -2.38942E-14
25 6.6E-08 0.46 0 0.46 0 0.8 3.56181E-06 1.1783E-14 -3.56181E-06 -2.89235E-14
25 6.6E-08 0.47 0 0.47 0 0.8 4.32451E-06 1.39534E-14 -4.32451E-06 -3.47633E-14
25 6.6E-08 0.48 0 0.48 0 0.8 5.1795E-06 1.66442E-14 -5.1795E-06 -4.16578E-14
25 6.6E-08 0.49 0 0.49 0 0.8 6.12432E-06 1.9976E-14 -6.12432E-06 -4.96292E-14
25 6.6E-08 0.5 0 0.5 0 0.8 7.15515E-06 2.40965E-14 -7.15515E-06 -5.88218E-14
25 6.6E-08 0.51 0 0.51 0 0.8 8.26731E-06 2.91868E-14 -8.26731E-06 -6.93356E-14
25 6.6E-08 0.52 0 0.52 0 0.8 9.45553E-06 3.54686E-14 -9.45553E-06 -8.14482E-14
25 6.6E-08 0.53 0 0.53 0 0.8 1.07143E-05 4.32134E-14 -1.07143E-05 -9.5326E-14
25 6.6E-08 0.54 0 0.54 0 0.8 1.20383E-05 5.27537E-14 -1.20383E-05 -1.11413E-13
25 6.6E-08 0.55 0 0.55 0 0.8 1.34221E-05 6.44962E-14 -1.34221E-05 -1.29798E-13
25 6.6E-08 0.56 0 0.56 0 0.8 1.48609E-05 7.89386E-14 -1.48609E-05 -1.51326E-13
25 6.6E-08 0.57 0 0.57 0 0.8 1.63501E-05 9.66897E-14 -1.63501E-05 -1.76406E-13
25 6.6E-08 0.58 0 0.58 0 0.8 1.78855E-05 1.18494E-13 -1.78855E-05 -2.0586E-13
25 6.6E-08 0.59 0 0.59 0 0.8 1.94633E-05 1.45262E-13 -1.94633E-05 -2.40377E-13
25 6.6E-08 0.6 0 0.6 0 0.8 2.10801E-05 1.78106E-13 -2.10801E-05 -2.81333E-13
25 6.6E-08 0.61 0 0.61 0 0.8 2.2733E-05 2.18386E-13 -2.2733E-05 -3.29827E-13
25 6.6E-08 0.62 0 0.62 0 0.8 2.44191E-05 2.67765E-13 -2.44191E-05 -3.87703E-13
25 6.6E-08 0.63 0 0.63 0 0.8 2.61361E-05 3.28269E-13 -2.61361E-05 -4.56859E-13
25 6.6E-08 0.64 0 0.64 0 0.8 2.78817E-05 4.02377E-13 -2.78817E-05 -5.39815E-13
25 6.6E-08 0.65 0 0.65 0 0.8 2.9654E-05 4.93109E-13 -2.9654E-05 -6.39568E-13
25 6.6E-08 0.66 0 0.66 0 0.8 3.14514E-05 6.0415E-13 -3.14514E-05 -7.59872E-13
25 6.6E-08 0.67 0 0.67 0 0.8 3.32721E-05 7.3999E-13 -3.32721E-05 -9.05112E-13
25 6.6E-08 0.68 0 0.68 0 0.8 3.51148E-05 9.06099E-13 -3.51148E-05 -1.08078E-12
25 6.6E-08 0.69 0 0.69 0 0.8 3.69781E-05 1.10913E-12 -3.69781E-05 -1.29362E-12
25 6.6E-08 0.7 0 0.7 0 0.8 3.88609E-05 1.35718E-12 -3.88609E-05 -1.55154E-12
25 6.6E-08 0.71 0 0.71 0 0.8 4.07621E-05 1.66006E-12 -4.07621E-05 -1.86448E-12
25 6.6E-08 0.72 0 0.72 0 0.8 4.26807E-05 2.02971E-12 -4.26807E-05 -2.24441E-12
25 6.6E-08 0.73 0 0.73 0 0.8 4.46158E-05 2.48056E-12 -4.46158E-05 -2.70568E-12
25 6.6E-08 0.74 0 0.74 0 0.8 4.65664E-05 3.03009E-12 -4.65664E-05 -3.26577E-12
25 6.6E-08 0.75 0 0.75 0 0.8 4.8532E-05 3.69939E-12 -4.8532E-05 -3.94581E-12
25 6.6E-08 0.76 0 0.76 0 0.8 5.05116E-05 4.51391E-12 -5.05116E-05 -4.77129E-12
25 6.6E-08 0.77 0 0.77 0 0.8 5.25046E-05 5.50424E-12 -5.25046E-05 -5.77263E-12
25 6.6E-08 0.78 0 0.78 0 0.8 5.45104E-05 6.70706E-12 -5.45104E-05 -6.98668E-12
25 6.6E-08 0.79 0 0.79 0 0.8 5.65285E-05 8.16627E-12 -5.65285E-05 -8.45729E-12
25 6.6E-08 0.8 0 0.8 0 0.8 5.85582E-05 9.93421E-12 -5.85582E-05 -1.02367E-11
