
25 8.8E-08 0.01 0.01 0.8 0.8 0.8 8.82873E-09 -9.99201E-16 -8.82873E-09 -5.55112E-17
25 8.8E-08 0.02 0.02 0.8 0.8 0.8 8.01667E-09 -9.99201E-16 -8.01667E-09 -2.77556E-17
25 8.8E-08 0.03 0.03 0.8 0.8 0.8 7.28521E-09 -9.99201E-16 -7.28521E-09 -2.77556E-17
25 8.8E-08 0.04 0.04 0.8 0.8 0.8 6.62603E-09 -8.88178E-16 -6.62603E-09 -2.77556E-17
25 8.8E-08 0.05 0.05 0.8 0.8 0.8 6.03169E-09 -8.88178E-16 -6.03169E-09 -2.77556E-17
25 8.8E-08 0.06 0.06 0.8 0.8 0.8 5.49548E-09 -8.88178E-16 -5.49548E-09 0
25 8.8E-08 0.07 0.07 0.8 0.8 0.8 5.01141E-09 -6.66134E-16 -5.01141E-09 0
25 8.8E-08 0.08 0.08 0.8 0.8 0.8 4.57411E-09 -7.77156E-16 -4.57411E-09 0
25 8.8E-08 0.09 0.09 0.8 0.8 0.8 4.17875E-09 -6.66134E-16 -4.17875E-09 0
25 8.8E-08 0.1 0.1 0.8 0.8 0.8 3.82103E-09 -6.66134E-16 -3.82103E-09 0
25 8.8E-08 0.11 0.11 0.8 0.8 0.8 3.49708E-09 -5.55112E-16 -3.49708E-09 0
25 8.8E-08 0.12 0.12 0.8 0.8 0.8 3.20346E-09 -6.66134E-16 -3.20346E-09 0
25 8.8E-08 0.13 0.13 0.8 0.8 0.8 2.93706E-09 -4.44089E-16 -2.93706E-09 0
25 8.8E-08 0.14 0.14 0.8 0.8 0.8 2.69514E-09 -4.44089E-16 -2.69514E-09 0
25 8.8E-08 0.15 0.15 0.8 0.8 0.8 2.47521E-09 -5.55112E-16 -2.47521E-09 0
25 8.8E-08 0.16 0.16 0.8 0.8 0.8 2.27507E-09 -4.44089E-16 -2.27507E-09 0
25 8.8E-08 0.17 0.17 0.8 0.8 0.8 2.09275E-09 -3.33067E-16 -2.09275E-09 0
25 8.8E-08 0.18 0.18 0.8 0.8 0.8 1.92648E-09 -4.44089E-16 -1.92648E-09 0
25 8.8E-08 0.19 0.19 0.8 0.8 0.8 1.77468E-09 -4.44089E-16 -1.77468E-09 0
25 8.8E-08 0.2 0.2 0.8 0.8 0.8 1.63594E-09 -4.44089E-16 -1.63594E-09 0
25 8.8E-08 0.21 0.21 0.8 0.8 0.8 1.50901E-09 -3.33067E-16 -1.50901E-09 0
25 8.8E-08 0.22 0.22 0.8 0.8 0.8 1.39275E-09 -4.44089E-16 -1.39275E-09 0
25 8.8E-08 0.23 0.23 0.8 0.8 0.8 1.28616E-09 -3.33067E-16 -1.28616E-09 0
25 8.8E-08 0.24 0.24 0.8 0.8 0.8 1.18833E-09 -3.33067E-16 -1.18833E-09 0
25 8.8E-08 0.25 0.25 0.8 0.8 0.8 1.09846E-09 -3.33067E-16 -1.09846E-09 1.11022E-16
25 8.8E-08 0.26 0.26 0.8 0.8 0.8 1.01581E-09 -4.44089E-16 -1.01581E-09 1.11022E-16
25 8.8E-08 0.27 0.27 0.8 0.8 0.8 9.39747E-10 -4.44089E-16 -9.39746E-10 0
25 8.8E-08 0.28 0.28 0.8 0.8 0.8 8.69674E-10 -3.33067E-16 -8.69674E-10 0
25 8.8E-08 0.29 0.29 0.8 0.8 0.8 8.05071E-10 -3.33067E-16 -8.05071E-10 0
25 8.8E-08 0.3 0.3 0.8 0.8 0.8 7.45466E-10 -3.33067E-16 -7.45466E-10 -2.77556E-17
25 8.8E-08 0.31 0.31 0.8 0.8 0.8 6.90433E-10 -3.33067E-16 -6.90433E-10 -2.77556E-17
25 8.8E-08 0.32 0.32 0.8 0.8 0.8 6.3959E-10 -3.33067E-16 -6.39589E-10 0
25 8.8E-08 0.33 0.33 0.8 0.8 0.8 5.92589E-10 -3.33067E-16 -5.92588E-10 -2.77556E-17
25 8.8E-08 0.34 0.34 0.8 0.8 0.8 5.49116E-10 -3.33067E-16 -5.49116E-10 -2.77556E-17
25 8.8E-08 0.35 0.35 0.8 0.8 0.8 5.08889E-10 -1.11022E-16 -5.08889E-10 0
25 8.8E-08 0.36 0.36 0.8 0.8 0.8 4.71648E-10 -1.11022E-16 -4.71648E-10 0
25 8.8E-08 0.37 0.37 0.8 0.8 0.8 4.3716E-10 -1.11022E-16 -4.3716E-10 0
25 8.8E-08 0.38 0.38 0.8 0.8 0.8 4.0521E-10 -3.33067E-16 -4.0521E-10 0
25 8.8E-08 0.39 0.39 0.8 0.8 0.8 3.75604E-10 0 -3.75604E-10 0
25 8.8E-08 0.4 0.4 0.8 0.8 0.8 3.48164E-10 0 -3.48164E-10 0
25 8.8E-08 0.41 0.41 0.8 0.8 0.8 3.22726E-10 -1.11022E-16 -3.22726E-10 0
25 8.8E-08 0.42 0.42 0.8 0.8 0.8 2.9914E-10 -1.11022E-16 -2.9914E-10 0
25 8.8E-08 0.43 0.43 0.8 0.8 0.8 2.7727E-10 -1.11022E-16 -2.7727E-10 0
25 8.8E-08 0.44 0.44 0.8 0.8 0.8 2.56988E-10 -1.11022E-16 -2.56988E-10 0
25 8.8E-08 0.45 0.45 0.8 0.8 0.8 2.38177E-10 0 -2.38177E-10 0
25 8.8E-08 0.46 0.46 0.8 0.8 0.8 2.20731E-10 0 -2.20731E-10 0
25 8.8E-08 0.47 0.47 0.8 0.8 0.8 2.0455E-10 0 -2.04549E-10 0
25 8.8E-08 0.48 0.48 0.8 0.8 0.8 1.89541E-10 0 -1.89541E-10 0
25 8.8E-08 0.49 0.49 0.8 0.8 0.8 1.7562E-10 0 -1.7562E-10 0
25 8.8E-08 0.5 0.5 0.8 0.8 0.8 1.62707E-10 -1.11022E-16 -1.62707E-10 0
25 8.8E-08 0.51 0.51 0.8 0.8 0.8 1.50731E-10 -3.33067E-16 -1.50731E-10 0
25 8.8E-08 0.52 0.52 0.8 0.8 0.8 1.39622E-10 -3.33067E-16 -1.39622E-10 0
25 8.8E-08 0.53 0.53 0.8 0.8 0.8 1.29319E-10 -3.33067E-16 -1.29319E-10 0
25 8.8E-08 0.54 0.54 0.8 0.8 0.8 1.19762E-10 0 -1.19762E-10 0
25 8.8E-08 0.55 0.55 0.8 0.8 0.8 1.10898E-10 0 -1.10898E-10 0
25 8.8E-08 0.56 0.56 0.8 0.8 0.8 1.02676E-10 0 -1.02676E-10 0
25 8.8E-08 0.57 0.57 0.8 0.8 0.8 9.50491E-11 0 -9.5049E-11 0
25 8.8E-08 0.58 0.58 0.8 0.8 0.8 8.79743E-11 0 -8.79743E-11 0
25 8.8E-08 0.59 0.59 0.8 0.8 0.8 8.14111E-11 0 -8.14111E-11 0
25 8.8E-08 0.6 0.6 0.8 0.8 0.8 7.53219E-11 0 -7.53219E-11 0
25 8.8E-08 0.61 0.61 0.8 0.8 0.8 6.96715E-11 0 -6.96715E-11 0
25 8.8E-08 0.62 0.62 0.8 0.8 0.8 6.44274E-11 0 -6.44274E-11 0
25 8.8E-08 0.63 0.63 0.8 0.8 0.8 5.95589E-11 0 -5.95589E-11 0
25 8.8E-08 0.64 0.64 0.8 0.8 0.8 5.50375E-11 0 -5.50375E-11 0
25 8.8E-08 0.65 0.65 0.8 0.8 0.8 5.0836E-11 0 -5.0836E-11 0
25 8.8E-08 0.66 0.66 0.8 0.8 0.8 4.69289E-11 0 -4.69289E-11 0
25 8.8E-08 0.67 0.67 0.8 0.8 0.8 4.32914E-11 0 -4.32913E-11 0
25 8.8E-08 0.68 0.68 0.8 0.8 0.8 3.9899E-11 -1.11022E-16 -3.9899E-11 0
25 8.8E-08 0.69 0.69 0.8 0.8 0.8 3.67272E-11 -1.11022E-16 -3.67272E-11 0
25 8.8E-08 0.7 0.7 0.8 0.8 0.8 3.37496E-11 -1.11022E-16 -3.37496E-11 8.32667E-17
25 8.8E-08 0.71 0.71 0.8 0.8 0.8 3.0936E-11 -1.11022E-16 -3.0936E-11 8.32667E-17
25 8.8E-08 0.72 0.72 0.8 0.8 0.8 2.82487E-11 -1.11022E-16 -2.82487E-11 8.32667E-17
25 8.8E-08 0.73 0.73 0.8 0.8 0.8 2.56364E-11 -1.11022E-16 -2.56364E-11 8.32667E-17
25 8.8E-08 0.74 0.74 0.8 0.8 0.8 2.3024E-11 -1.11022E-16 -2.3024E-11 5.55112E-17
25 8.8E-08 0.75 0.75 0.8 0.8 0.8 2.03001E-11 -1.11022E-16 -2.03001E-11 5.55112E-17
25 8.8E-08 0.76 0.76 0.8 0.8 0.8 1.73124E-11 -1.11022E-16 -1.73124E-11 5.55112E-17
25 8.8E-08 0.77 0.77 0.8 0.8 0.8 1.38879E-11 1.11022E-16 -1.38879E-11 0
25 8.8E-08 0.78 0.78 0.8 0.8 0.8 9.88581E-12 1.11022E-16 -9.8858E-12 0
25 8.8E-08 0.79 0.79 0.8 0.8 0.8 5.247E-12 1.11022E-16 -5.24699E-12 0
25 8.8E-08 0.8 0.8 0.8 0.8 0.8 -2.35509E-25 1.11022E-16 3.04933E-25 8.32667E-17
