
25 1.32E-07 0.01 0 0.01 0 0.8 1.31373E-13 7.17733E-15 -1.3135E-13 -7.16316E-15
25 1.32E-07 0.02 0 0.02 0 0.8 3.5423E-13 7.17762E-15 -3.54207E-13 -7.16316E-15
25 1.32E-07 0.03 0 0.03 0 0.8 7.11593E-13 7.17787E-15 -7.11571E-13 -7.16316E-15
25 1.32E-07 0.04 0 0.04 0 0.8 1.26633E-12 7.17808E-15 -1.26631E-12 -7.16316E-15
25 1.32E-07 0.05 0 0.05 0 0.8 2.11493E-12 7.17826E-15 -2.11491E-12 -7.16316E-15
25 1.32E-07 0.06 0 0.06 0 0.8 3.4088E-12 7.17841E-15 -3.40878E-12 -7.16316E-15
25 1.32E-07 0.07 0 0.07 0 0.8 5.38391E-12 7.17854E-15 -5.38389E-12 -7.16316E-15
25 1.32E-07 0.08 0 0.08 0 0.8 8.40337E-12 7.17864E-15 -8.40335E-12 -7.16316E-15
25 1.32E-07 0.09 0 0.09 0 0.8 1.30216E-11 7.17874E-15 -1.30216E-11 -7.16316E-15
25 1.32E-07 0.1 0 0.1 0 0.8 2.00826E-11 7.17882E-15 -2.00826E-11 -7.16316E-15
25 1.32E-07 0.11 0 0.11 0 0.8 3.08686E-11 7.1789E-15 -3.08686E-11 -7.16316E-15
25 1.32E-07 0.12 0 0.12 0 0.8 4.73251E-11 7.17898E-15 -4.73251E-11 -7.16316E-15
25 1.32E-07 0.13 0 0.13 0 0.8 7.23985E-11 7.17909E-15 -7.23985E-11 -7.16316E-15
25 1.32E-07 0.14 0 0.14 0 0.8 1.10542E-10 7.17924E-15 -1.10542E-10 -7.16316E-15
25 1.32E-07 0.15 0 0.15 0 0.8 1.68473E-10 7.17948E-15 -1.68473E-10 -7.14095E-15
25 1.32E-07 0.16 0 0.16 0 0.8 2.56293E-10 7.17987E-15 -2.56293E-10 -7.14095E-15
25 1.32E-07 0.17 0 0.17 0 0.8 3.89152E-10 7.18057E-15 -3.89152E-10 -7.16316E-15
25 1.32E-07 0.18 0 0.18 0 0.8 5.89691E-10 7.18161E-15 -5.89691E-10 -7.16316E-15
25 1.32E-07 0.19 0 0.19 0 0.8 8.91614E-10 7.18307E-15 -8.91614E-10 -7.18536E-15
25 1.32E-07 0.2 0 0.2 0 0.8 1.34487E-09 7.18513E-15 -1.34487E-09 -7.18536E-15
25 1.32E-07 0.21 0 0.21 0 0.8 2.02308E-09 7.18803E-15 -2.02308E-09 -7.18536E-15
25 1.32E-07 0.22 0 0.22 0 0.8 3.03417E-09 7.19214E-15 -3.03417E-09 -7.18536E-15
25 1.32E-07 0.23 0 0.23 0 0.8 4.53531E-09 7.19801E-15 -4.53531E-09 -7.16316E-15
25 1.32E-07 0.24 0 0.24 0 0.8 6.75371E-09 7.20639E-15 -6.75371E-09 -7.18536E-15
25 1.32E-07 0.25 0 0.25 0 0.8 1.00153E-08 7.21834E-15 -1.00153E-08 -7.20757E-15
25 1.32E-07 0.26 0 0.26 0 0.8 1.47837E-08 7.23535E-15 -1.47837E-08 -7.22977E-15
25 1.32E-07 0.27 0 0.27 0 0.8 2.17129E-08 7.25942E-15 -2.17129E-08 -7.30749E-15
25 1.32E-07 0.28 0 0.28 0 0.8 3.17172E-08 7.29331E-15 -3.17172E-08 -7.3519E-15
25 1.32E-07 0.29 0 0.29 0 0.8 4.60645E-08 7.34064E-15 -4.60645E-08 -7.44071E-15
25 1.32E-07 0.3 0 0.3 0 0.8 6.6499E-08 7.40617E-15 -6.6499E-08 -7.60725E-15
25 1.32E-07 0.31 0 0.31 0 0.8 9.54021E-08 7.49604E-15 -9.54021E-08 -7.8404E-15
25 1.32E-07 0.32 0 0.32 0 0.8 1.36002E-07 7.61804E-15 -1.36002E-07 -8.11795E-15
25 1.32E-07 0.33 0 0.33 0 0.8 1.92639E-07 7.78191E-15 -1.92639E-07 -8.49543E-15
25 1.32E-07 0.34 0 0.34 0 0.8 2.7109E-07 7.99971E-15 -2.7109E-07 -9.10605E-15
25 1.32E-07 0.35 0 0.35 0 0.8 3.7894E-07 8.28625E-15 -3.7894E-07 -9.82769E-15
25 1.32E-07 0.36 0 0.36 0 0.8 5.2596E-07 8.65959E-15 -5.2596E-07 -1.08824E-14
25 1.32E-07 0.37 0 0.37 0 0.8 7.24427E-07 9.14178E-15 -7.24427E-07 -1.22369E-14
25 1.32E-07 0.38 0 0.38 0 0.8 9.89269E-07 9.7597E-15 -9.89269E-07 -1.41021E-14
25 1.32E-07 0.39 0 0.39 0 0.8 1.33794E-06 1.05462E-14 -1.33794E-06 -1.65334E-14
25 1.32E-07 0.4 0 0.4 0 0.8 1.78989E-06 1.15418E-14 -1.78989E-06 -1.9742E-14
25 1.32E-07 0.41 0 0.41 0 0.8 2.36565E-06 1.27961E-14 -2.36565E-06 -2.37832E-14
25 1.32E-07 0.42 0 0.42 0 0.8 3.08557E-06 1.43703E-14 -3.08557E-06 -2.88347E-14
25 1.32E-07 0.43 0 0.43 0 0.8 3.96837E-06 1.63401E-14 -3.96837E-06 -3.51186E-14
25 1.32E-07 0.44 0 0.44 0 0.8 5.02976E-06 1.87989E-14 -5.02976E-06 -4.27347E-14
25 1.32E-07 0.45 0 0.45 0 0.8 6.28144E-06 2.18617E-14 -6.28144E-06 -5.19718E-14
25 1.32E-07 0.46 0 0.46 0 0.8 7.7304E-06 2.56702E-14 -7.7304E-06 -6.2863E-14
25 1.32E-07 0.47 0 0.47 0 0.8 9.37895E-06 3.03985E-14 -9.37895E-06 -7.56417E-14
25 1.32E-07 0.48 0 0.48 0 0.8 1.1225E-05 3.62606E-14 -1.1225E-05 -9.05853E-14
25 1.32E-07 0.49 0 0.49 0 0.8 1.32627E-05 4.35192E-14 -1.32627E-05 -1.07783E-13
25 1.32E-07 0.5 0 0.5 0 0.8 1.54836E-05 5.2496E-14 -1.54836E-05 -1.27633E-13
25 1.32E-07 0.51 0 0.51 0 0.8 1.78772E-05 6.35855E-14 -1.78772E-05 -1.50393E-13
25 1.32E-07 0.52 0 0.52 0 0.8 2.04318E-05 7.72708E-14 -2.04318E-05 -1.76505E-13
25 1.32E-07 0.53 0 0.53 0 0.8 2.31354E-05 9.41435E-14 -2.31354E-05 -2.06581E-13
25 1.32E-07 0.54 0 0.54 0 0.8 2.59761E-05 1.14928E-13 -2.59761E-05 -2.4122E-13
25 1.32E-07 0.55 0 0.55 0 0.8 2.89425E-05 1.4051E-13 -2.89425E-05 -2.81311E-13
25 1.32E-07 0.56 0 0.56 0 0.8 3.20239E-05 1.71973E-13 -3.20239E-05 -3.27884E-13
25 1.32E-07 0.57 0 0.57 0 0.8 3.52103E-05 2.10645E-13 -3.52103E-05 -3.82163E-13
25 1.32E-07 0.58 0 0.58 0 0.8 3.84929E-05 2.58147E-13 -3.84929E-05 -4.45834E-13
25 1.32E-07 0.59 0 0.59 0 0.8 4.18634E-05 3.16463E-13 -4.18634E-05 -5.20763E-13
25 1.32E-07 0.6 0 0.6 0 0.8 4.53145E-05 3.88016E-13 -4.53145E-05 -6.0937E-13
25 1.32E-07 0.61 0 0.61 0 0.8 4.88399E-05 4.7577E-13 -4.88399E-05 -7.14642E-13
25 1.32E-07 0.62 0 0.62 0 0.8 5.24336E-05 5.83344E-13 -5.24336E-05 -8.4023E-13
25 1.32E-07 0.63 0 0.63 0 0.8 5.60906E-05 7.15157E-13 -5.60906E-05 -9.90354E-13
25 1.32E-07 0.64 0 0.64 0 0.8 5.98061E-05 8.76606E-13 -5.98061E-05 -1.17049E-12
25 1.32E-07 0.65 0 0.65 0 0.8 6.35761E-05 1.07427E-12 -6.35761E-05 -1.3873E-12
25 1.32E-07 0.66 0 0.66 0 0.8 6.73969E-05 1.31618E-12 -6.73969E-05 -1.64866E-12
25 1.32E-07 0.67 0 0.67 0 0.8 7.12652E-05 1.61212E-12 -7.12652E-05 -1.96443E-12
25 1.32E-07 0.68 0 0.68 0 0.8 7.51778E-05 1.974E-12 -7.51778E-05 -2.34654E-12
25 1.32E-07 0.69 0 0.69 0 0.8 7.91322E-05 2.41632E-12 -7.91322E-05 -2.80934E-12
25 1.32E-07 0.7 0 0.7 0 0.8 8.31258E-05 2.9567E-12 -8.31258E-05 -3.37065E-12
25 1.32E-07 0.71 0 0.71 0 0.8 8.71563E-05 3.61656E-12 -8.71563E-05 -4.05167E-12
25 1.32E-07 0.72 0 0.72 0 0.8 9.12218E-05 4.42186E-12 -9.12218E-05 -4.87844E-12
25 1.32E-07 0.73 0 0.73 0 0.8 9.53201E-05 5.40407E-12 -9.53201E-05 -5.88251E-12
25 1.32E-07 0.74 0 0.74 0 0.8 9.94497E-05 6.60126E-12 -9.94497E-05 -7.10187E-12
25 1.32E-07 0.75 0 0.75 0 0.8 0.000103609 8.05939E-12 -0.000103609 -8.58248E-12
25 1.32E-07 0.76 0 0.76 0 0.8 0.000107796 9.83388E-12 -0.000107796 -1.03798E-11
25 1.32E-07 0.77 0 0.77 0 0.8 0.00011201 1.19914E-11 -0.00011201 -1.25604E-11
25 1.32E-07 0.78 0 0.78 0 0.8 0.000116249 1.46118E-11 -0.000116249 -1.52043E-11
25 1.32E-07 0.79 0 0.79 0 0.8 0.000120513 1.77908E-11 -0.000120513 -1.84069E-11
25 1.32E-07 0.8 0 0.8 0 0.8 0.000124799 2.16424E-11 -0.000124799 -2.22825E-11
