
25 0 0.01 0 0.01 0.8 0.01 4.46379E-16 -9.07289E-11 9.07285E-11 9.07281E-11
25 0 0.02 0 0.02 0.8 0.02 4.49686E-16 -6.12637E-11 6.12632E-11 6.12628E-11
25 0 0.03 0 0.03 0.8 0.03 4.51933E-16 -4.1158E-11 4.11576E-11 4.11572E-11
25 0 0.04 0 0.04 0.8 0.04 4.53462E-16 -2.7553E-11 2.75526E-11 2.75523E-11
25 0 0.05 0 0.05 0.8 0.05 4.54508E-16 -1.84006E-11 1.84002E-11 1.83999E-11
25 0 0.06 0 0.06 0.8 0.06 4.55231E-16 -1.22683E-11 1.22679E-11 1.22676E-11
25 0 0.07 0 0.07 0.8 0.07 4.55741E-16 -8.17085E-12 8.17037E-12 8.17009E-12
25 0 0.08 0 0.08 0.8 0.08 4.56114E-16 -5.43798E-12 5.43752E-12 5.43725E-12
25 0 0.09 0 0.09 0.8 0.09 4.56408E-16 -3.61761E-12 3.61706E-12 3.61681E-12
25 0 0.1 0 0.1 0.8 0.1 4.56664E-16 -2.40585E-12 2.40536E-12 2.40512E-12
25 0 0.11 0 0.11 0.8 0.11 4.56918E-16 -1.59972E-12 1.59925E-12 1.59903E-12
25 0 0.12 0 0.12 0.8 0.12 4.57207E-16 -1.06365E-12 1.06316E-12 1.06296E-12
25 0 0.13 0 0.13 0.8 0.13 4.57567E-16 -7.07157E-13 7.06734E-13 7.06546E-13
25 0 0.14 0 0.14 0.8 0.14 4.58044E-16 -4.70179E-13 4.69779E-13 4.69604E-13
25 0 0.15 0 0.15 0.8 0.15 4.58701E-16 -3.12694E-13 3.12257E-13 3.12094E-13
25 0 0.16 0 0.16 0.8 0.16 4.59618E-16 -2.08E-13 2.07547E-13 2.07397E-13
25 0 0.17 0 0.17 0.8 0.17 4.60911E-16 -1.38445E-13 1.37959E-13 1.3782E-13
25 0 0.18 0 0.18 0.8 0.18 4.62742E-16 -9.2093E-14 9.17066E-14 9.15795E-14
25 0 0.19 0 0.19 0.8 0.19 4.65337E-16 -6.15064E-14 6.09762E-14 6.0861E-14
25 0 0.2 0 0.2 0.8 0.2 4.69021E-16 -4.10783E-14 4.05356E-14 4.04329E-14
25 0 0.21 0 0.21 0.8 0.21 4.74251E-16 -2.74225E-14 2.69635E-14 2.68743E-14
25 0 0.22 0 0.22 0.8 0.22 4.81677E-16 -1.85407E-14 1.79208E-14 1.78468E-14
25 0 0.23 0 0.23 0.8 0.23 4.9222E-16 -1.249E-14 1.19216E-14 1.18655E-14
25 0 0.24 0 0.24 0.8 0.24 5.07189E-16 -8.43769E-15 7.93076E-15 7.89646E-15
25 0 0.25 0 0.25 0.8 0.25 5.2844E-16 -5.77316E-15 5.26631E-15 5.25968E-15
25 0 0.26 0 0.26 0.8 0.26 5.58608E-16 -3.9968E-15 3.47459E-15 3.50414E-15
25 0 0.27 0 0.27 0.8 0.27 6.01431E-16 -2.88658E-15 2.26041E-15 2.33841E-15
25 0 0.28 0 0.28 0.8 0.28 6.62213E-16 -2.16493E-15 1.42414E-15 1.56819E-15
25 0 0.29 0 0.29 0.8 0.29 7.4848E-16 -1.60982E-15 8.05582E-16 1.04083E-15
25 0 0.3 0 0.3 0.8 0.3 8.70912E-16 -1.22125E-15 3.59353E-16 7.21645E-16
25 0 0.31 0 0.31 0.8 0.31 1.04466E-15 -1.05471E-15 -4.76821E-17 4.92661E-16
25 0 0.32 0 0.32 0.8 0.32 1.29122E-15 -8.32667E-16 -4.57856E-16 3.33067E-16
25 0 0.33 0 0.33 0.8 0.33 1.6411E-15 -7.21645E-16 -9.08624E-16 2.35922E-16
25 0 0.34 0 0.34 0.8 0.34 2.13757E-15 -7.21645E-16 -1.43634E-15 2.08167E-16
25 0 0.35 0 0.35 0.8 0.35 2.84204E-15 -6.10623E-16 -2.21344E-15 1.38778E-16
25 0 0.36 0 0.36 0.8 0.36 3.84162E-15 -4.996E-16 -3.24379E-15 1.11022E-16
25 0 0.37 0 0.37 0.8 0.37 5.25993E-15 -5.55112E-16 -4.66491E-15 1.11022E-16
25 0 0.38 0 0.38 0.8 0.38 7.27241E-15 -5.55112E-16 -6.70775E-15 8.32667E-17
25 0 0.39 0 0.39 0.8 0.39 1.0128E-14 -5.55112E-16 -9.538E-15 1.11022E-16
25 0 0.4 0 0.4 0.8 0.4 1.41801E-14 -4.996E-16 -1.36339E-14 6.93889E-17
25 0 0.41 0 0.41 0.8 0.41 1.99302E-14 -4.996E-16 -1.93723E-14 8.32667E-17
25 0 0.42 0 0.42 0.8 0.42 2.80906E-14 -5.55112E-16 -2.75623E-14 5.55112E-17
25 0 0.43 0 0.43 0.8 0.43 3.96725E-14 -6.10623E-16 -3.91043E-14 9.71445E-17
25 0 0.44 0 0.44 0.8 0.44 5.61123E-14 -4.996E-16 -5.55874E-14 5.55112E-17
25 0 0.45 0 0.45 0.8 0.45 7.94508E-14 -5.55112E-16 -7.88996E-14 8.32667E-17
25 0 0.46 0 0.46 0.8 0.46 1.12588E-13 -5.55112E-16 -1.12011E-13 1.11022E-16
25 0 0.47 0 0.47 0.8 0.47 1.59648E-13 -5.55112E-16 -1.59086E-13 9.71445E-17
25 0 0.48 0 0.48 0.8 0.48 2.26495E-13 -6.10623E-16 -2.2592E-13 1.11022E-16
25 0 0.49 0 0.49 0.8 0.49 3.21472E-13 -6.10623E-16 -3.20953E-13 5.55112E-17
25 0 0.5 0 0.5 0.8 0.5 4.56456E-13 -6.10623E-16 -4.55924E-13 6.93889E-17
25 0 0.51 0 0.51 0.8 0.51 6.48362E-13 -6.10623E-16 -6.47845E-13 5.55112E-17
25 0 0.52 0 0.52 0.8 0.52 9.21292E-13 -4.996E-16 -9.20762E-13 6.93889E-17
25 0 0.53 0 0.53 0.8 0.53 1.30961E-12 -4.996E-16 -1.30907E-12 8.32667E-17
25 0 0.54 0 0.54 0.8 0.54 1.86234E-12 -4.996E-16 -1.86183E-12 5.55112E-17
25 0 0.55 0 0.55 0.8 0.55 2.64946E-12 -4.996E-16 -2.64892E-12 8.32667E-17
25 0 0.56 0 0.56 0.8 0.56 3.77094E-12 -5.55112E-16 -3.7704E-12 8.32667E-17
25 0 0.57 0 0.57 0.8 0.57 5.36967E-12 -5.55112E-16 -5.36914E-12 6.93889E-17
25 0 0.58 0 0.58 0.8 0.58 7.65003E-12 -4.996E-16 -7.64945E-12 1.249E-16
25 0 0.59 0 0.59 0.8 0.59 1.09046E-11 -5.55112E-16 -1.0904E-11 1.11022E-16
25 0 0.6 0 0.6 0.8 0.6 1.55525E-11 -5.55112E-16 -1.55519E-11 9.71445E-17
25 0 0.61 0 0.61 0.8 0.61 2.21943E-11 -5.55112E-16 -2.21938E-11 6.93889E-17
25 0 0.62 0 0.62 0.8 0.62 3.16917E-11 -4.996E-16 -3.16911E-11 6.93889E-17
25 0 0.63 0 0.63 0.8 0.63 4.52812E-11 -4.996E-16 -4.52806E-11 1.11022E-16
25 0 0.64 0 0.64 0.8 0.64 6.47386E-11 -4.996E-16 -6.47381E-11 8.32667E-17
25 0 0.65 0 0.65 0.8 0.65 9.26154E-11 -4.996E-16 -9.26148E-11 8.32667E-17
25 0 0.66 0 0.66 0.8 0.66 1.32579E-10 -4.996E-16 -1.32578E-10 1.38778E-16
25 0 0.67 0 0.67 0.8 0.67 1.89902E-10 -4.996E-16 -1.89902E-10 2.77556E-17
25 0 0.68 0 0.68 0.8 0.68 2.7217E-10 -4.996E-16 -2.7217E-10 2.77556E-17
25 0 0.69 0 0.69 0.8 0.69 3.9029E-10 -4.44089E-16 -3.90289E-10 8.32667E-17
25 0 0.7 0 0.7 0.8 0.7 5.59948E-10 -5.55112E-16 -5.59947E-10 8.32667E-17
25 0 0.71 0 0.71 0.8 0.71 8.03697E-10 -4.996E-16 -8.03697E-10 0
25 0 0.72 0 0.72 0.8 0.72 1.15394E-09 -4.996E-16 -1.15394E-09 5.55112E-17
25 0 0.73 0 0.73 0.8 0.73 1.65721E-09 -4.996E-16 -1.65721E-09 5.55112E-17
25 0 0.74 0 0.74 0.8 0.74 2.38024E-09 -5.55112E-16 -2.38024E-09 2.77556E-17
25 0 0.75 0 0.75 0.8 0.75 3.41859E-09 -4.996E-16 -3.41859E-09 2.77556E-17
25 0 0.76 0 0.76 0.8 0.76 4.9089E-09 -4.996E-16 -4.9089E-09 -2.77556E-17
25 0 0.77 0 0.77 0.8 0.77 7.04608E-09 -4.996E-16 -7.04608E-09 0
25 0 0.78 0 0.78 0.8 0.78 1.01075E-08 -4.44089E-16 -1.01075E-08 -8.32667E-17
25 0 0.79 0 0.79 0.8 0.79 1.44864E-08 -4.44089E-16 -1.44864E-08 -1.38778E-16
25 0 0.8 0 0.8 0.8 0.8 2.07389E-08 -4.44089E-16 -2.07389E-08 -1.94289E-16
