
25 2.2E-08 -4.78091E-18 1.90414E-13 0 1.90414E-13 1.76E-07 0 -4.78091E-18 0 -4.78091E-18
25 2.2E-08 -5.01477E-18 4.03061E-13 0 4.03061E-13 2.2E-08 0 -5.01477E-18 0 -5.01477E-18
25 2.2E-08 -2.52882E-18 3.26453E-13 0 3.26453E-13 4.4E-08 0 -2.52882E-18 0 -2.52882E-18
25 2.2E-08 -1.68151E-18 2.56541E-13 0 2.56541E-13 6.6E-08 0 -1.68151E-18 0 -1.68151E-18
25 2.2E-08 1.93026E-19 2.27607E-13 0 2.27607E-13 8.8E-08 0 1.93026E-19 0 1.93026E-19
25 2.2E-08 9.03508E-18 2.0207E-13 0 2.0207E-13 1.32E-07 0 9.03508E-18 0 9.03508E-18
25 2.2E-08 2.9491E-18 1.90413E-13 0 1.90413E-13 1.76E-07 0 2.9491E-18 0 2.9491E-18
25 4.4E-08 -3.73662E-18 1.40025E-13 0 1.40025E-13 1.76E-07 0 -3.73662E-18 0 -3.73662E-18
25 4.4E-08 9.97454E-18 3.01633E-13 0 3.01633E-13 2.2E-08 0 9.97454E-18 0 9.97454E-18
25 4.4E-08 7.03348E-18 2.43122E-13 0 2.43122E-13 4.4E-08 0 7.03348E-18 0 7.03348E-18
25 4.4E-08 4.87755E-19 1.89974E-13 0 1.89974E-13 6.6E-08 0 4.87755E-19 0 4.87755E-19
25 4.4E-08 -3.60644E-18 1.68086E-13 0 1.68086E-13 8.8E-08 0 -3.60644E-18 0 -3.60644E-18
25 4.4E-08 3.79697E-18 1.48802E-13 0 1.48802E-13 1.32E-07 0 3.79697E-18 0 3.79697E-18
25 4.4E-08 1.40437E-19 1.40028E-13 0 1.40028E-13 1.76E-07 0 1.40437E-19 0 1.40437E-19
25 6.6E-08 1.22341E-18 9.82038E-14 0 9.82038E-14 1.76E-07 0 1.22341E-18 0 1.22341E-18
25 6.6E-08 -2.5095E-19 2.1588E-13 0 2.1588E-13 2.2E-08 0 -2.5095E-19 0 -2.5095E-19
25 6.6E-08 1.14729E-18 1.73031E-13 0 1.73031E-13 4.4E-08 0 1.14729E-18 0 1.14729E-18
25 6.6E-08 3.05901E-18 1.34331E-13 0 1.34331E-13 6.6E-08 0 3.05901E-18 0 3.05901E-18
25 6.6E-08 1.00485E-17 1.18468E-13 0 1.18468E-13 8.8E-08 0 1.00485E-17 0 1.00485E-17
25 6.6E-08 2.30881E-18 1.04528E-13 0 1.04528E-13 1.32E-07 0 2.30881E-18 0 2.30881E-18
25 6.6E-08 -3.37564E-18 9.81996E-14 0 9.81996E-14 1.76E-07 0 -3.37564E-18 0 -3.37564E-18
25 8.8E-08 5.9124E-19 8.22411E-14 0 8.22411E-14 1.76E-07 0 5.9124E-19 0 5.9124E-19
25 8.8E-08 -1.81635E-18 1.82642E-13 0 1.82642E-13 2.2E-08 0 -1.81635E-18 0 -1.81635E-18
25 8.8E-08 -6.55048E-18 1.45958E-13 0 1.45958E-13 4.4E-08 0 -6.55048E-18 0 -6.55048E-18
25 8.8E-08 1.36903E-18 1.12943E-13 0 1.12943E-13 6.6E-08 0 1.36903E-18 0 1.36903E-18
25 8.8E-08 -2.54454E-19 9.9443E-14 0 9.9443E-14 8.8E-08 0 -2.54454E-19 0 -2.54454E-19
25 8.8E-08 2.93638E-18 8.76061E-14 0 8.76061E-14 1.32E-07 0 2.93638E-18 0 2.93638E-18
25 8.8E-08 -1.10817E-19 8.2237E-14 0 8.2237E-14 1.76E-07 0 -1.10817E-19 0 -1.10817E-19
25 1.32E-07 4.40136E-18 6.88759E-14 0 6.88759E-14 1.76E-07 0 4.40136E-18 0 4.40136E-18
25 1.32E-07 -1.68895E-18 1.54528E-13 0 1.54528E-13 2.2E-08 0 -1.68895E-18 0 -1.68895E-18
25 1.32E-07 2.63809E-18 1.23149E-13 0 1.23149E-13 4.4E-08 0 2.63809E-18 0 2.63809E-18
25 1.32E-07 6.49263E-18 9.49811E-14 0 9.49811E-14 6.6E-08 0 6.49263E-18 0 6.49263E-18
25 1.32E-07 -2.71251E-18 8.34733E-14 0 8.34733E-14 8.8E-08 0 -2.71251E-18 0 -2.71251E-18
25 1.32E-07 2.24009E-18 7.34133E-14 0 7.34133E-14 1.32E-07 0 2.24009E-18 0 2.24009E-18
25 1.32E-07 1.54328E-18 6.88672E-14 0 6.88672E-14 1.76E-07 0 1.54328E-18 0 1.54328E-18
25 1.76E-07 1.48837E-18 6.30182E-14 0 6.30182E-14 1.76E-07 0 1.48837E-18 0 1.48837E-18
25 1.76E-07 -5.98601E-18 1.4212E-13 0 1.4212E-13 2.2E-08 0 -5.98601E-18 0 -5.98601E-18
25 1.76E-07 2.92485E-18 1.13111E-13 0 1.13111E-13 4.4E-08 0 2.92485E-18 0 2.92485E-18
25 1.76E-07 6.29025E-18 8.70982E-14 0 8.70982E-14 6.6E-08 0 6.29025E-18 0 6.29025E-18
25 1.76E-07 1.84148E-18 7.64885E-14 0 7.64885E-14 8.8E-08 0 1.84148E-18 0 1.84148E-18
25 1.76E-07 2.03024E-19 6.72155E-14 0 6.72155E-14 1.32E-07 0 2.03024E-19 0 2.03024E-19
25 1.76E-07 4.09623E-18 6.30223E-14 0 6.30223E-14 1.76E-07 0 4.09623E-18 0 4.09623E-18
