
25 2.2E-08 -1.40201E-16 -1.38418E-16 -1.38418E-16 -1.38418E-16 1.76E-07 0 -1.40201E-16 -1.38418E-16 -3.20331E-15
25 2.2E-08 7.1315E-17 7.25555E-17 7.25555E-17 7.25555E-17 2.2E-08 0 7.1315E-17 7.25555E-17 -8.98455E-14
25 2.2E-08 1.43642E-19 6.63796E-18 6.63796E-18 6.63796E-18 4.4E-08 0 1.43642E-19 6.63796E-18 -8.44653E-16
25 2.2E-08 4.72214E-18 1.00103E-17 1.00103E-17 1.00103E-17 6.6E-08 0 4.72214E-18 1.00103E-17 -5.42138E-16
25 2.2E-08 3.33068E-18 3.5802E-18 3.5802E-18 3.5802E-18 8.8E-08 0 3.33068E-18 3.5802E-18 -7.34555E-16
25 2.2E-08 1.45889E-18 2.65986E-19 2.65986E-19 2.65986E-19 1.32E-07 0 1.45889E-18 2.65986E-19 -7.20544E-16
25 2.2E-08 -1.21815E-16 -1.1315E-16 -1.1315E-16 -1.1315E-16 1.76E-07 0 -1.21815E-16 -1.1315E-16 -2.6363E-15
25 4.4E-08 -2.71848E-14 -2.71955E-14 -2.71955E-14 -2.71955E-14 1.76E-07 0 -2.71848E-14 -2.71955E-14 -1.30336E-12
25 4.4E-08 6.70742E-17 6.47128E-17 6.47128E-17 6.47128E-17 2.2E-08 0 6.70742E-17 6.47128E-17 -7.57517E-14
25 4.4E-08 -3.31878E-16 -3.36498E-16 -3.36498E-16 -3.36498E-16 4.4E-08 0 -3.31878E-16 -3.36498E-16 -1.37788E-15
25 4.4E-08 -6.89732E-16 -6.94423E-16 -6.94423E-16 -6.94423E-16 6.6E-08 0 -6.89732E-16 -6.94423E-16 -1.05017E-13
25 4.4E-08 -5.03904E-13 -5.03907E-13 -5.03907E-13 -5.03907E-13 8.8E-08 0 -5.03904E-13 -5.03907E-13 -6.82537E-13
25 4.4E-08 -3.2432E-13 -3.24319E-13 -3.24319E-13 -3.24319E-13 1.32E-07 0 -3.2432E-13 -3.24319E-13 -1.24482E-12
25 4.4E-08 -3.60684E-14 -3.6061E-14 -3.6061E-14 -3.6061E-14 1.76E-07 0 -3.60684E-14 -3.6061E-14 -6.65688E-13
25 6.6E-08 7.29078E-15 7.28663E-15 7.28663E-15 7.28663E-15 1.76E-07 0 7.29078E-15 7.28663E-15 -4.60522E-13
25 6.6E-08 1.58228E-15 1.5821E-15 1.5821E-15 1.5821E-15 2.2E-08 0 1.58228E-15 1.5821E-15 -3.46679E-12
25 6.6E-08 2.69805E-18 5.26222E-18 5.26222E-18 5.26222E-18 4.4E-08 0 2.69805E-18 5.26222E-18 -1.76855E-16
25 6.6E-08 -2.68446E-12 -2.68446E-12 -2.68446E-12 -2.68446E-12 6.6E-08 0 -2.68446E-12 -2.68446E-12 -2.43628E-12
25 6.6E-08 -1.49885E-12 -1.49885E-12 -1.49885E-12 -1.49885E-12 8.8E-08 0 -1.49885E-12 -1.49885E-12 -1.32077E-12
25 6.6E-08 -1.59924E-14 -1.59873E-14 -1.59873E-14 -1.59873E-14 1.32E-07 0 -1.59924E-14 -1.59873E-14 -6.99038E-14
25 6.6E-08 3.76641E-15 3.76181E-15 3.76181E-15 3.76181E-15 1.76E-07 0 3.76641E-15 3.76181E-15 -4.75339E-13
25 8.8E-08 -1.9909E-13 -1.99094E-13 -1.99094E-13 -1.99094E-13 1.76E-07 0 -1.9909E-13 -1.99094E-13 -7.35071E-13
25 8.8E-08 -1.7188E-18 2.06968E-18 2.06968E-18 2.06968E-18 2.2E-08 0 -1.7188E-18 2.06968E-18 -7.12583E-14
25 8.8E-08 -5.6974E-18 -7.45086E-18 -7.45086E-18 -7.45086E-18 4.4E-08 0 -5.6974E-18 -7.45086E-18 -1.98846E-16
25 8.8E-08 -1.81153E-11 -1.81153E-11 -1.81153E-11 -1.81153E-11 6.6E-08 0 -1.81153E-11 -1.81153E-11 -1.84089E-11
25 8.8E-08 -1.40327E-12 -1.40327E-12 -1.40327E-12 -1.40327E-12 8.8E-08 0 -1.40327E-12 -1.40327E-12 -1.2254E-12
25 8.8E-08 1.13195E-16 1.10913E-16 1.10913E-16 1.10913E-16 1.32E-07 0 1.13195E-16 1.10913E-16 -4.3907E-15
25 8.8E-08 -1.82241E-13 -1.82239E-13 -1.82239E-13 -1.82239E-13 1.76E-07 0 -1.82241E-13 -1.82239E-13 -6.70199E-13
25 1.32E-07 -1.55029E-13 -1.55023E-13 -1.55023E-13 -1.55023E-13 1.76E-07 0 -1.55029E-13 -1.55023E-13 -2.77466E-13
25 1.32E-07 3.35076E-17 2.89765E-17 2.89765E-17 2.89765E-17 2.2E-08 0 3.35076E-17 2.89765E-17 -1.07786E-12
25 1.32E-07 3.44277E-18 2.96823E-18 2.96823E-18 2.96823E-18 4.4E-08 0 3.44277E-18 2.96823E-18 -4.43444E-17
25 1.32E-07 1.91193E-18 -1.18821E-18 -1.18821E-18 -1.18821E-18 6.6E-08 0 1.91193E-18 -1.18821E-18 -4.34719E-16
25 1.32E-07 -3.80119E-14 -3.80138E-14 -3.80138E-14 -3.80138E-14 8.8E-08 0 -3.80119E-14 -3.80138E-14 -3.41568E-14
25 1.32E-07 -1.16236E-14 -1.16188E-14 -1.16188E-14 -1.16188E-14 1.32E-07 0 -1.16236E-14 -1.16188E-14 -1.8526E-14
25 1.32E-07 -1.71025E-13 -1.71024E-13 -1.71024E-13 -1.71024E-13 1.76E-07 0 -1.71025E-13 -1.71024E-13 -3.11019E-13
25 1.76E-07 -4.94282E-15 -4.94369E-15 -4.94369E-15 -4.94369E-15 1.76E-07 0 -4.94282E-15 -4.94369E-15 -7.7075E-15
25 1.76E-07 -9.43095E-17 -8.95376E-17 -8.95376E-17 -8.95376E-17 2.2E-08 0 -9.43095E-17 -8.95376E-17 -2.76367E-12
25 1.76E-07 9.32771E-18 1.70787E-17 1.70787E-17 1.70787E-17 4.4E-08 0 9.32771E-18 1.70787E-17 -1.13461E-15
25 1.76E-07 -6.46385E-19 7.2243E-19 7.2243E-19 7.2243E-19 6.6E-08 0 -6.46385E-19 7.2243E-19 -1.05119E-15
25 1.76E-07 1.37075E-18 -6.18092E-19 -6.18092E-19 -6.18092E-19 8.8E-08 0 1.37075E-18 -6.18092E-19 -9.65154E-16
25 1.76E-07 -3.65437E-15 -3.6497E-15 -3.6497E-15 -3.6497E-15 1.32E-07 0 -3.65437E-15 -3.6497E-15 -4.58479E-15
25 1.76E-07 -5.53012E-15 -5.52354E-15 -5.52354E-15 -5.52354E-15 1.76E-07 0 -5.53012E-15 -5.52354E-15 -1.1215E-14
25 2.2E-08 -9.56985E-18 -8.08432E-18 0 -8.08432E-18 2.2E-08 -8.08432E-18 -9.56985E-18 0 -9.56985E-18
25 2.2E-08 -9.56985E-18 -8.08432E-18 0 -8.08432E-18 2.2E-08 -8.08432E-18 -9.56985E-18 0 -9.56985E-18
