25 2.2E-08 0.05 0.05 0 0 0 -1.25943E-11 9.94608E-15 1.25843E-11 2.09749E-18
25 2.2E-08 0.1 0.1 0 0 0 -1.92238E-11 2.71812E-14 1.91966E-11 2.41041E-18
25 2.2E-08 0.15 0.15 0 0 0 -2.70305E-11 5.36748E-14 2.69768E-11 2.4788E-18
25 2.2E-08 0.2 0.2 0 0 0 -3.75675E-11 9.17868E-14 3.74757E-11 2.52785E-18
25 2.2E-08 0.25 0.25 0 0 0 -5.20158E-11 1.44334E-13 5.18715E-11 2.59805E-18
25 2.2E-08 0.3 0.3 0 0 0 -7.18854E-11 2.1467E-13 7.16707E-11 2.70761E-18
25 2.2E-08 0.35 0.35 0 0 0 -9.9224E-11 3.06768E-13 9.89172E-11 2.87749E-18
25 2.2E-08 0.4 0.4 0 0 0 -1.36838E-10 4.25332E-13 1.36412E-10 3.1377E-18
25 2.2E-08 0.45 0.45 0 0 0 -1.88592E-10 5.75908E-13 1.88017E-10 3.532E-18
25 2.2E-08 0.5 0.5 0 0 0 -2.59847E-10 7.65022E-13 2.59082E-10 4.12405E-18
25 2.2E-08 0.55 0.55 0 0 0 -3.58086E-10 1.00034E-12 3.57086E-10 5.00605E-18
25 2.2E-08 0.6 0.6 0 0 0 -4.9385E-10 1.29084E-12 4.92559E-10 6.31094E-18
25 2.2E-08 0.65 0.65 0 0 0 -6.82088E-10 1.64703E-12 6.80441E-10 8.22952E-18
25 2.2E-08 0.7 0.7 0 0 0 -9.44147E-10 2.08118E-12 9.42066E-10 1.10345E-17
25 2.2E-08 0.75 0.75 0 0 0 -1.31066E-09 2.60757E-12 1.30806E-09 1.5114E-17
25 2.2E-08 0.8 0.8 0 0 0 -1.82578E-09 3.24285E-12 1.82254E-09 2.10179E-17
