25 4.4E-08 0.05 0.05 0 0 0 -2.75598E-11 2.81806E-14 2.75316E-11 3.6529E-18
25 4.4E-08 0.1 0.1 0 0 0 -4.20703E-11 7.70134E-14 4.19933E-11 4.20329E-18
25 4.4E-08 0.15 0.15 0 0 0 -5.91602E-11 1.52079E-13 5.90081E-11 4.33319E-18
25 4.4E-08 0.2 0.2 0 0 0 -8.22301E-11 2.60063E-13 8.197E-11 4.43713E-18
25 4.4E-08 0.25 0.25 0 0 0 -1.13865E-10 4.08948E-13 1.13456E-10 4.58966E-18
25 4.4E-08 0.3 0.3 0 0 0 -1.57369E-10 6.08231E-13 1.56761E-10 4.82858E-18
25 4.4E-08 0.35 0.35 0 0 0 -2.17225E-10 8.69177E-13 2.16356E-10 5.19947E-18
25 4.4E-08 0.4 0.4 0 0 0 -2.99573E-10 1.20511E-12 2.98368E-10 5.76791E-18
25 4.4E-08 0.45 0.45 0 0 0 -4.12873E-10 1.63174E-12 4.11241E-10 6.62959E-18
25 4.4E-08 0.5 0.5 0 0 0 -5.68852E-10 2.16756E-12 5.66684E-10 7.92376E-18
25 4.4E-08 0.55 0.55 0 0 0 -7.83888E-10 2.8343E-12 7.81053E-10 9.85207E-18
25 4.4E-08 0.6 0.6 0 0 0 -1.08104E-09 3.65738E-12 1.07738E-09 1.27053E-17
25 4.4E-08 0.65 0.65 0 0 0 -1.49301E-09 4.66659E-12 1.48835E-09 1.69007E-17
25 4.4E-08 0.7 0.7 0 0 0 -2.06651E-09 5.89667E-12 2.06062E-09 2.3035E-17
25 4.4E-08 0.75 0.75 0 0 0 -2.86855E-09 7.38811E-12 2.86117E-09 3.19569E-17
25 4.4E-08 0.8 0.8 0 0 0 -3.99569E-09 9.18807E-12 3.9865E-09 4.4869E-17
