25 6.6E-08 0.05 0.05 0 0 0 -4.544E-11 4.6415E-14 4.53936E-11 5.20917E-18
25 6.6E-08 0.1 0.1 0 0 0 -6.93561E-11 1.26846E-13 6.92292E-11 6.0001E-18
25 6.6E-08 0.15 0.15 0 0 0 -9.75213E-11 2.50483E-13 9.72709E-11 6.1973E-18
25 6.6E-08 0.2 0.2 0 0 0 -1.35545E-10 4.28339E-13 1.35116E-10 6.36588E-18
25 6.6E-08 0.25 0.25 0 0 0 -1.87687E-10 6.73561E-13 1.87013E-10 6.61656E-18
25 6.6E-08 0.3 0.3 0 0 0 -2.59394E-10 1.00179E-12 2.58392E-10 7.00989E-18
25 6.6E-08 0.35 0.35 0 0 0 -3.58055E-10 1.43158E-12 3.56623E-10 7.62075E-18
25 6.6E-08 0.4 0.4 0 0 0 -4.93792E-10 1.98488E-12 4.91807E-10 8.55718E-18
25 6.6E-08 0.45 0.45 0 0 0 -6.80552E-10 2.68757E-12 6.77864E-10 9.97691E-18
25 6.6E-08 0.5 0.5 0 0 0 -9.37663E-10 3.5701E-12 9.34093E-10 1.21094E-17
25 6.6E-08 0.55 0.55 0 0 0 -1.29213E-09 4.66825E-12 1.28746E-09 1.52871E-17
25 6.6E-08 0.6 0.6 0 0 0 -1.78195E-09 6.02393E-12 1.77593E-09 1.99892E-17
25 6.6E-08 0.65 0.65 0 0 0 -2.46105E-09 7.68615E-12 2.45337E-09 2.69037E-17
25 6.6E-08 0.7 0.7 0 0 0 -3.40641E-09 9.71215E-12 3.3967E-09 3.70137E-17
25 6.6E-08 0.75 0.75 0 0 0 -4.72849E-09 1.21687E-11 4.71632E-09 5.17186E-17
25 6.6E-08 0.8 0.8 0 0 0 -6.58643E-09 1.51333E-11 6.5713E-09 7.30006E-17
