25 8.8E-08 0.05 0.05 0 0 0 -6.33235E-11 6.46495E-14 6.32588E-11 6.76543E-18
25 8.8E-08 0.1 0.1 0 0 0 -9.66462E-11 1.76678E-13 9.64695E-11 7.79691E-18
25 8.8E-08 0.15 0.15 0 0 0 -1.35888E-10 3.48886E-13 1.35539E-10 8.06141E-18
25 8.8E-08 0.2 0.2 0 0 0 -1.88866E-10 5.96614E-13 1.8827E-10 8.29463E-18
25 8.8E-08 0.25 0.25 0 0 0 -2.61518E-10 9.38174E-13 2.60579E-10 8.64346E-18
25 8.8E-08 0.3 0.3 0 0 0 -3.61431E-10 1.39535E-12 3.60036E-10 9.19122E-18
25 8.8E-08 0.35 0.35 0 0 0 -4.98902E-10 1.99399E-12 4.96908E-10 1.00421E-17
25 8.8E-08 0.4 0.4 0 0 0 -6.88035E-10 2.76466E-12 6.8527E-10 1.13465E-17
25 8.8E-08 0.45 0.45 0 0 0 -9.48262E-10 3.7434E-12 9.44519E-10 1.33243E-17
25 8.8E-08 0.5 0.5 0 0 0 -1.30652E-09 4.97264E-12 1.30155E-09 1.62953E-17
25 8.8E-08 0.55 0.55 0 0 0 -1.80043E-09 6.50221E-12 1.79392E-09 2.07225E-17
25 8.8E-08 0.6 0.6 0 0 0 -2.48295E-09 8.39047E-12 2.47456E-09 2.72736E-17
25 8.8E-08 0.65 0.65 0 0 0 -3.42921E-09 1.07057E-11 3.4185E-09 3.69073E-17
25 8.8E-08 0.7 0.7 0 0 0 -4.74646E-09 1.35276E-11 4.73294E-09 5.09936E-17
25 8.8E-08 0.75 0.75 0 0 0 -6.58864E-09 1.69492E-11 6.57169E-09 7.1482E-17
25 8.8E-08 0.8 0.8 0 0 0 -9.17746E-09 2.10785E-11 9.15639E-09 1.01135E-16
