25 1.32E-07 0.05 0.05 0 0 0 -9.90937E-11 1.01118E-13 9.89926E-11 9.87796E-18
25 1.32E-07 0.1 0.1 0 0 0 -1.51231E-10 2.76342E-13 1.50954E-10 1.13905E-17
25 1.32E-07 0.15 0.15 0 0 0 -2.12626E-10 5.45694E-13 2.1208E-10 1.17896E-17
25 1.32E-07 0.2 0.2 0 0 0 -2.95516E-10 9.33166E-13 2.94583E-10 1.21521E-17
25 1.32E-07 0.25 0.25 0 0 0 -4.09188E-10 1.4674E-12 4.07721E-10 1.26973E-17
25 1.32E-07 0.3 0.3 0 0 0 -5.65517E-10 2.18248E-12 5.63335E-10 1.35539E-17
25 1.32E-07 0.35 0.35 0 0 0 -7.80612E-10 3.11881E-12 7.77493E-10 1.48847E-17
25 1.32E-07 0.4 0.4 0 0 0 -1.07654E-09 4.32421E-12 1.07222E-09 1.69253E-17
25 1.32E-07 0.45 0.45 0 0 0 -1.48371E-09 5.85506E-12 1.47786E-09 2.00193E-17
25 1.32E-07 0.5 0.5 0 0 0 -2.04427E-09 7.77772E-12 2.0365E-09 2.46672E-17
25 1.32E-07 0.55 0.55 0 0 0 -2.81709E-09 1.01701E-11 2.80691E-09 3.15934E-17
25 1.32E-07 0.6 0.6 0 0 0 -3.88502E-09 1.31236E-11 3.8719E-09 4.18429E-17
25 1.32E-07 0.65 0.65 0 0 0 -5.36563E-09 1.67448E-11 5.34888E-09 5.69153E-17
25 1.32E-07 0.7 0.7 0 0 0 -7.42672E-09 2.11586E-11 7.40556E-09 7.89543E-17
25 1.32E-07 0.75 0.75 0 0 0 -1.03091E-08 2.65103E-11 1.02826E-08 1.1101E-16
25 1.32E-07 0.8 0.8 0 0 0 -1.43598E-08 3.2969E-11 1.43268E-08 1.57405E-16
