25 1.76E-07 0.05 0.05 0 0 0 -1.34866E-10 1.37587E-13 1.34728E-10 1.29905E-17
25 1.76E-07 0.1 0.1 0 0 0 -2.05817E-10 3.76006E-13 2.05441E-10 1.49841E-17
25 1.76E-07 0.15 0.15 0 0 0 -2.89366E-10 7.42502E-13 2.88624E-10 1.55178E-17
25 1.76E-07 0.2 0.2 0 0 0 -4.02169E-10 1.26972E-12 4.00899E-10 1.60097E-17
25 1.76E-07 0.25 0.25 0 0 0 -5.56863E-10 1.99663E-12 5.54866E-10 1.67511E-17
25 1.76E-07 0.3 0.3 0 0 0 -7.6961E-10 2.9696E-12 7.6664E-10 1.79166E-17
25 1.76E-07 0.35 0.35 0 0 0 -1.06233E-09 4.24363E-12 1.05809E-09 1.97274E-17
25 1.76E-07 0.4 0.4 0 0 0 -1.46506E-09 5.88376E-12 1.45918E-09 2.25041E-17
25 1.76E-07 0.45 0.45 0 0 0 -2.01918E-09 7.96672E-12 2.01121E-09 2.67143E-17
25 1.76E-07 0.5 0.5 0 0 0 -2.78205E-09 1.05828E-11 2.77146E-09 3.30391E-17
25 1.76E-07 0.55 0.55 0 0 0 -3.83377E-09 1.3838E-11 3.81993E-09 4.24645E-17
25 1.76E-07 0.6 0.6 0 0 0 -5.28713E-09 1.78566E-11 5.26928E-09 5.64124E-17
25 1.76E-07 0.65 0.65 0 0 0 -7.3021E-09 2.27839E-11 7.27932E-09 7.69236E-17
25 1.76E-07 0.7 0.7 0 0 0 -1.01071E-08 2.87896E-11 1.00783E-08 1.06915E-16
25 1.76E-07 0.75 0.75 0 0 0 -1.40297E-08 3.60714E-11 1.39937E-08 1.50539E-16
25 1.76E-07 0.8 0.8 0 0 0 -1.95423E-08 4.48594E-11 1.94974E-08 2.13676E-16
