
25 2.2E-08 0.05 0.05 0 2.97544E-06 0.05 0.05 0 0 0 8.59106E-15 -8.65119E-15 -8.65119E-15 8.59106E-15 8.34642E-18 8.34642E-18
25 2.2E-08 0.05 0.1 0 1.28368E-06 0.05 0.1 0 0 0 6.14878E-15 -8.65119E-15 -8.69185E-15 1.10582E-14 8.34626E-18 1.98417E-17
25 2.2E-08 0.05 0.15 0 2.78686E-07 0.05 0.15 0 0 0 4.69792E-15 -8.65119E-15 -2.67438E-15 6.69882E-15 8.34617E-18 3.52411E-17
25 2.2E-08 0.05 0.2 0 1.40825E-07 0.05 0.2 0 0 0 4.4989E-15 -8.65119E-15 -1.09873E-14 1.49692E-14 8.34615E-18 5.54615E-17
25 2.2E-08 0.05 0.25 0 8.86089E-08 0.05 0.25 0 0 0 4.42351E-15 -8.65119E-15 -3.32121E-14 3.74241E-14 8.34615E-18 8.17089E-17
25 2.2E-08 0.05 0.3 0 4.95596E-08 0.05 0.3 0 0 0 4.36714E-15 -8.65119E-15 -6.85987E-14 7.27481E-14 8.34615E-18 1.15951E-16
25 2.2E-08 0.05 0.35 0 2.70515E-08 0.05 0.35 0 0 0 4.33464E-15 -8.65119E-15 -1.20222E-13 1.24242E-13 8.34614E-18 1.62569E-16
25 2.2E-08 0.05 0.4 0 1.56225E-08 0.05 0.4 0 0 0 4.31814E-15 -8.65119E-15 -1.92979E-13 1.96565E-13 8.34614E-18 2.33352E-16
25 2.2E-08 0.05 0.45 0 1.03671E-08 0.05 0.45 0 0 0 4.31056E-15 -8.65119E-15 -2.96266E-13 2.99965E-13 8.34614E-18 3.60489E-16
25 2.2E-08 0.05 0.5 0 8.66788E-09 0.05 0.5 0 0 0 4.3081E-15 -8.65119E-15 -4.66247E-13 4.70418E-13 8.34614E-18 6.28925E-16
25 2.2E-08 0.05 0.55 0 9.23375E-09 0.05 0.55 0 0 0 4.30892E-15 -8.65119E-15 -7.70996E-13 7.74021E-13 8.34614E-18 1.25998E-15
25 2.2E-08 0.05 0.6 0 1.10319E-08 0.05 0.6 0 0 0 4.31152E-15 -8.65119E-15 -1.22754E-12 1.22898E-12 8.34614E-18 2.82925E-15
25 2.2E-08 0.05 0.65 0 1.37316E-08 0.05 0.65 0 0 0 4.31541E-15 -8.65119E-15 -1.84251E-12 1.8399E-12 8.34614E-18 6.81917E-15
25 2.2E-08 0.05 0.7 0 1.73788E-08 0.05 0.7 0 0 0 4.32068E-15 -8.65119E-15 -2.64544E-12 2.63312E-12 8.34614E-18 1.69936E-14
25 2.2E-08 0.05 0.75 0 2.20982E-08 0.05 0.75 0 0 0 4.32749E-15 -8.65119E-15 -3.68499E-12 3.64567E-12 8.34614E-18 4.27945E-14
25 2.2E-08 0.05 0.8 0 2.80543E-08 0.05 0.8 0 0 0 4.33609E-15 -8.65119E-15 -5.02522E-12 4.92163E-12 8.34614E-18 1.07695E-13
25 2.2E-08 0.1 0.05 0 1.28367E-06 0.1 0.05 0 0 0 1.10582E-14 -8.69185E-15 -8.65119E-15 6.14878E-15 1.98417E-17 8.34626E-18
25 2.2E-08 0.1 0.1 0 8.19218E-07 0.1 0.1 0 0 0 8.61583E-15 -8.69185E-15 -8.69185E-15 8.61583E-15 1.98416E-17 1.98416E-17
25 2.2E-08 0.1 0.15 0 2.35374E-07 0.1 0.15 0 0 0 5.54564E-15 -8.69185E-15 -2.67438E-15 5.87574E-15 1.98416E-17 3.52411E-17
25 2.2E-08 0.1 0.2 0 1.33628E-07 0.1 0.2 0 0 0 5.0106E-15 -8.69185E-15 -1.09873E-14 1.44822E-14 1.98416E-17 5.54615E-17
25 2.2E-08 0.1 0.25 0 8.72515E-08 0.1 0.25 0 0 0 4.76672E-15 -8.69185E-15 -3.32121E-14 3.71055E-14 1.98416E-17 8.17089E-17
25 2.2E-08 0.1 0.3 0 4.93335E-08 0.1 0.3 0 0 0 4.56733E-15 -8.69185E-15 -6.85987E-14 7.25726E-14 1.98416E-17 1.15951E-16
25 2.2E-08 0.1 0.35 0 2.70133E-08 0.1 0.35 0 0 0 4.44995E-15 -8.69185E-15 -1.20222E-13 1.24151E-13 1.98415E-17 1.62569E-16
25 2.2E-08 0.1 0.4 0 1.56151E-08 0.1 0.4 0 0 0 4.39002E-15 -8.69185E-15 -1.92979E-13 1.96518E-13 1.98415E-17 2.33352E-16
25 2.2E-08 0.1 0.45 0 1.03652E-08 0.1 0.45 0 0 0 4.36241E-15 -8.69185E-15 -2.96266E-13 2.99937E-13 1.98415E-17 3.60489E-16
25 2.2E-08 0.1 0.5 0 8.66713E-09 0.1 0.5 0 0 0 4.35348E-15 -8.69185E-15 -4.66247E-13 4.70397E-13 1.98415E-17 6.28925E-16
25 2.2E-08 0.1 0.55 0 9.23321E-09 0.1 0.55 0 0 0 4.35646E-15 -8.69185E-15 -7.70996E-13 7.73998E-13 1.98415E-17 1.25998E-15
25 2.2E-08 0.1 0.6 0 1.10314E-08 0.1 0.6 0 0 0 4.36591E-15 -8.69185E-15 -1.22754E-12 1.22895E-12 1.98415E-17 2.82925E-15
25 2.2E-08 0.1 0.65 0 1.3731E-08 0.1 0.65 0 0 0 4.38011E-15 -8.69185E-15 -1.84251E-12 1.83986E-12 1.98415E-17 6.81917E-15
25 2.2E-08 0.1 0.7 0 1.73781E-08 0.1 0.7 0 0 0 4.39929E-15 -8.69185E-15 -2.64544E-12 2.63306E-12 1.98415E-17 1.69936E-14
25 2.2E-08 0.1 0.75 0 2.20973E-08 0.1 0.75 0 0 0 4.4241E-15 -8.69185E-15 -3.68499E-12 3.6456E-12 1.98415E-17 4.27945E-14
25 2.2E-08 0.1 0.8 0 2.80532E-08 0.1 0.8 0 0 0 4.45542E-15 -8.69185E-15 -5.02522E-12 4.92154E-12 1.98415E-17 1.07695E-13
25 2.2E-08 0.15 0.05 0 2.78686E-07 0.15 0.05 0 0 0 6.69882E-15 -2.67438E-15 -8.65119E-15 4.69792E-15 3.52411E-17 8.34617E-18
25 2.2E-08 0.15 0.1 0 2.35374E-07 0.15 0.1 0 0 0 5.87574E-15 -2.67438E-15 -8.69185E-15 5.54564E-15 3.52411E-17 1.98416E-17
25 2.2E-08 0.15 0.15 0 7.38164E-08 0.15 0.15 0 0 0 2.80556E-15 -2.67438E-15 -2.67438E-15 2.80556E-15 3.52411E-17 3.52411E-17
25 2.2E-08 0.15 0.2 0 7.89241E-08 0.15 0.2 0 0 0 2.90262E-15 -2.67438E-15 -1.09873E-14 1.07799E-14 3.52411E-17 5.54615E-17
25 2.2E-08 0.15 0.25 0 7.10731E-08 0.15 0.25 0 0 0 2.75343E-15 -2.67438E-15 -3.32121E-14 3.33086E-14 3.52411E-17 8.17089E-17
25 2.2E-08 0.15 0.3 0 4.48295E-08 0.15 0.3 0 0 0 2.2547E-15 -2.67438E-15 -6.85987E-14 6.90749E-14 3.52411E-17 1.15951E-16
25 2.2E-08 0.15 0.35 0 2.56447E-08 0.15 0.35 0 0 0 1.89012E-15 -2.67438E-15 -1.20222E-13 1.209E-13 3.52411E-17 1.62569E-16
25 2.2E-08 0.15 0.4 0 1.51312E-08 0.15 0.4 0 0 0 1.69032E-15 -2.67438E-15 -1.92979E-13 1.93407E-13 3.52411E-17 2.33352E-16
25 2.2E-08 0.15 0.45 0 1.01578E-08 0.15 0.45 0 0 0 1.59581E-15 -2.67438E-15 -2.96266E-13 2.96894E-13 3.52411E-17 3.60489E-16
25 2.2E-08 0.15 0.5 0 8.55676E-09 0.15 0.5 0 0 0 1.56539E-15 -2.67438E-15 -4.66247E-13 4.67375E-13 3.52411E-17 6.28925E-16
25 2.2E-08 0.15 0.55 0 9.1613E-09 0.15 0.55 0 0 0 1.57687E-15 -2.67438E-15 -7.70996E-13 7.70967E-13 3.52411E-17 1.25998E-15
25 2.2E-08 0.15 0.6 0 1.09767E-08 0.15 0.6 0 0 0 1.61137E-15 -2.67438E-15 -1.22754E-12 1.2259E-12 3.52411E-17 2.82925E-15
25 2.2E-08 0.15 0.65 0 1.3685E-08 0.15 0.65 0 0 0 1.66284E-15 -2.67438E-15 -1.84251E-12 1.83677E-12 3.52411E-17 6.81917E-15
25 2.2E-08 0.15 0.7 0 1.73367E-08 0.15 0.7 0 0 0 1.73224E-15 -2.67438E-15 -2.64544E-12 2.62992E-12 3.52411E-17 1.69936E-14
25 2.2E-08 0.15 0.75 0 2.20584E-08 0.15 0.75 0 0 0 1.82197E-15 -2.67438E-15 -3.68499E-12 3.64239E-12 3.52411E-17 4.27945E-14
25 2.2E-08 0.15 0.8 0 2.80157E-08 0.15 0.8 0 0 0 1.93518E-15 -2.67438E-15 -5.02522E-12 4.91825E-12 3.52411E-17 1.07695E-13
25 2.2E-08 0.2 0.05 0 1.40825E-07 0.2 0.05 0 0 0 1.49692E-14 -1.09873E-14 -8.65119E-15 4.4989E-15 5.54615E-17 8.34615E-18
25 2.2E-08 0.2 0.1 0 1.33628E-07 0.2 0.1 0 0 0 1.44822E-14 -1.09873E-14 -8.69185E-15 5.0106E-15 5.54615E-17 1.98416E-17
25 2.2E-08 0.2 0.15 0 7.89241E-08 0.2 0.15 0 0 0 1.07799E-14 -1.09873E-14 -2.67438E-15 2.90262E-15 5.54615E-17 3.52411E-17
25 2.2E-08 0.2 0.2 0 8.03583E-08 0.2 0.2 0 0 0 1.0877E-14 -1.09873E-14 -1.09873E-14 1.0877E-14 5.54615E-17 5.54615E-17
25 2.2E-08 0.2 0.25 0 7.29789E-08 0.2 0.25 0 0 0 1.03775E-14 -1.09873E-14 -3.32121E-14 3.37559E-14 5.54615E-17 8.17089E-17
25 2.2E-08 0.2 0.3 0 4.70252E-08 0.2 0.3 0 0 0 8.62105E-15 -1.09873E-14 -6.85987E-14 7.078E-14 5.54615E-17 1.15951E-16
25 2.2E-08 0.2 0.35 0 2.67858E-08 0.2 0.35 0 0 0 7.25129E-15 -1.09873E-14 -1.20222E-13 1.23611E-13 5.54615E-17 1.62569E-16
25 2.2E-08 0.2 0.4 0 1.56391E-08 0.2 0.4 0 0 0 6.49691E-15 -1.09873E-14 -1.92979E-13 1.96672E-13 5.54615E-17 2.33352E-16
25 2.2E-08 0.2 0.45 0 1.0398E-08 0.2 0.45 0 0 0 6.1422E-15 -1.09873E-14 -2.96266E-13 3.00419E-13 5.54615E-17 3.60489E-16
25 2.2E-08 0.2 0.5 0 8.68861E-09 0.2 0.5 0 0 0 6.02651E-15 -1.09873E-14 -4.66247E-13 4.70986E-13 5.54615E-17 6.28925E-16
25 2.2E-08 0.2 0.55 0 9.24634E-09 0.2 0.55 0 0 0 6.06426E-15 -1.09873E-14 -7.70996E-13 7.74551E-13 5.54615E-17 1.25998E-15
25 2.2E-08 0.2 0.6 0 1.10393E-08 0.2 0.6 0 0 0 6.1856E-15 -1.09873E-14 -1.22754E-12 1.22939E-12 5.54615E-17 2.82925E-15
25 2.2E-08 0.2 0.65 0 1.37351E-08 0.2 0.65 0 0 0 6.36805E-15 -1.09873E-14 -1.84251E-12 1.84013E-12 5.54615E-17 6.81917E-15
25 2.2E-08 0.2 0.7 0 1.73787E-08 0.2 0.7 0 0 0 6.61464E-15 -1.09873E-14 -2.64544E-12 2.63311E-12 5.54615E-17 1.69936E-14
25 2.2E-08 0.2 0.75 0 2.20943E-08 0.2 0.75 0 0 0 6.93378E-15 -1.09873E-14 -3.68499E-12 3.64535E-12 5.54615E-17 4.27945E-14
25 2.2E-08 0.2 0.8 0 2.80461E-08 0.2 0.8 0 0 0 7.33659E-15 -1.09873E-14 -5.02522E-12 4.92092E-12 5.54615E-17 1.07695E-13
25 2.2E-08 0.25 0.05 0 8.86089E-08 0.25 0.05 0 0 0 3.74241E-14 -3.32121E-14 -8.65119E-15 4.42351E-15 8.17089E-17 8.34615E-18
25 2.2E-08 0.25 0.1 0 8.72515E-08 0.25 0.1 0 0 0 3.71055E-14 -3.32121E-14 -8.69185E-15 4.76672E-15 8.17089E-17 1.98416E-17
25 2.2E-08 0.25 0.15 0 7.10731E-08 0.25 0.15 0 0 0 3.33086E-14 -3.32121E-14 -2.67438E-15 2.75343E-15 8.17089E-17 3.52411E-17
25 2.2E-08 0.25 0.2 0 7.29789E-08 0.25 0.2 0 0 0 3.37559E-14 -3.32121E-14 -1.09873E-14 1.03775E-14 8.17089E-17 5.54615E-17
25 2.2E-08 0.25 0.25 0 7.0851E-08 0.25 0.25 0 0 0 3.32565E-14 -3.32121E-14 -3.32121E-14 3.32565E-14 8.17089E-17 8.17089E-17
25 2.2E-08 0.25 0.3 0 5.03239E-08 0.25 0.3 0 0 0 2.84389E-14 -3.32121E-14 -6.85987E-14 7.33417E-14 8.17089E-17 1.15951E-16
25 2.2E-08 0.25 0.35 0 2.93593E-08 0.25 0.35 0 0 0 2.35187E-14 -3.32121E-14 -1.20222E-13 1.29723E-13 8.17089E-17 1.62569E-16
25 2.2E-08 0.25 0.4 0 1.69266E-08 0.25 0.4 0 0 0 2.06008E-14 -3.32121E-14 -1.92979E-13 2.04948E-13 8.17089E-17 2.33352E-16
25 2.2E-08 0.25 0.45 0 1.10321E-08 0.25 0.45 0 0 0 1.92174E-14 -3.32121E-14 -2.96266E-13 3.09723E-13 8.17089E-17 3.60489E-16
25 2.2E-08 0.25 0.5 0 9.04123E-09 0.25 0.5 0 0 0 1.87502E-14 -3.32121E-14 -4.66247E-13 4.80641E-13 8.17089E-17 6.28925E-16
25 2.2E-08 0.25 0.55 0 9.47394E-09 0.25 0.55 0 0 0 1.88517E-14 -3.32121E-14 -7.70996E-13 7.84143E-13 8.17089E-17 1.25998E-15
25 2.2E-08 0.25 0.6 0 1.12058E-08 0.25 0.6 0 0 0 1.92582E-14 -3.32121E-14 -1.22754E-12 1.2387E-12 8.17089E-17 2.82925E-15
25 2.2E-08 0.25 0.65 0 1.38671E-08 0.25 0.65 0 0 0 1.98828E-14 -3.32121E-14 -1.84251E-12 1.849E-12 8.17089E-17 6.81917E-15
25 2.2E-08 0.25 0.7 0 1.74876E-08 0.25 0.7 0 0 0 2.07325E-14 -3.32121E-14 -2.64544E-12 2.64137E-12 8.17089E-17 1.69936E-14
25 2.2E-08 0.25 0.75 0 2.21848E-08 0.25 0.75 0 0 0 2.18349E-14 -3.32121E-14 -3.68499E-12 3.65283E-12 8.17089E-17 4.27945E-14
25 2.2E-08 0.25 0.8 0 2.81201E-08 0.25 0.8 0 0 0 2.32278E-14 -3.32121E-14 -5.02522E-12 4.92741E-12 8.17089E-17 1.07695E-13
25 2.2E-08 0.3 0.05 0 4.95596E-08 0.3 0.05 0 0 0 7.27481E-14 -6.85987E-14 -8.65119E-15 4.36714E-15 1.15951E-16 8.34615E-18
25 2.2E-08 0.3 0.1 0 4.93335E-08 0.3 0.1 0 0 0 7.25726E-14 -6.85987E-14 -8.69185E-15 4.56733E-15 1.15951E-16 1.98416E-17
25 2.2E-08 0.3 0.15 0 4.48295E-08 0.3 0.15 0 0 0 6.90749E-14 -6.85987E-14 -2.67438E-15 2.2547E-15 1.15951E-16 3.52411E-17
25 2.2E-08 0.3 0.2 0 4.70252E-08 0.3 0.2 0 0 0 7.078E-14 -6.85987E-14 -1.09873E-14 8.62105E-15 1.15951E-16 5.54615E-17
25 2.2E-08 0.3 0.25 0 5.03239E-08 0.3 0.25 0 0 0 7.33417E-14 -6.85987E-14 -3.32121E-14 2.84389E-14 1.15951E-16 8.17089E-17
25 2.2E-08 0.3 0.3 0 4.41202E-08 0.3 0.3 0 0 0 6.85241E-14 -6.85987E-14 -6.85987E-14 6.85241E-14 1.15951E-16 1.15951E-16
25 2.2E-08 0.3 0.35 0 2.99066E-08 0.3 0.35 0 0 0 5.74864E-14 -6.85987E-14 -1.20222E-13 1.31023E-13 1.15951E-16 1.62569E-16
25 2.2E-08 0.3 0.4 0 1.81011E-08 0.3 0.4 0 0 0 4.83187E-14 -6.85987E-14 -1.92979E-13 2.12497E-13 1.15951E-16 2.33352E-16
25 2.2E-08 0.3 0.45 0 1.17865E-08 0.3 0.45 0 0 0 4.3415E-14 -6.85987E-14 -2.96266E-13 3.20793E-13 1.15951E-16 3.60489E-16
25 2.2E-08 0.3 0.5 0 9.49347E-09 0.3 0.5 0 0 0 4.16343E-14 -6.85987E-14 -4.66247E-13 4.93025E-13 1.15951E-16 6.28925E-16
25 2.2E-08 0.3 0.55 0 9.76517E-09 0.3 0.55 0 0 0 4.18453E-14 -6.85987E-14 -7.70996E-13 7.96417E-13 1.15951E-16 1.25998E-15
25 2.2E-08 0.3 0.6 0 1.14098E-08 0.3 0.6 0 0 0 4.31225E-14 -6.85987E-14 -1.22754E-12 1.2501E-12 1.15951E-16 2.82925E-15
25 2.2E-08 0.3 0.65 0 1.40161E-08 0.3 0.65 0 0 0 4.51464E-14 -6.85987E-14 -1.84251E-12 1.859E-12 1.15951E-16 6.81917E-15
25 2.2E-08 0.3 0.7 0 1.7594E-08 0.3 0.7 0 0 0 4.79249E-14 -6.85987E-14 -2.64544E-12 2.64945E-12 1.15951E-16 1.69936E-14
25 2.2E-08 0.3 0.75 0 2.22522E-08 0.3 0.75 0 0 0 5.15422E-14 -6.85987E-14 -3.68499E-12 3.65839E-12 1.15951E-16 4.27945E-14
25 2.2E-08 0.3 0.8 0 2.81471E-08 0.3 0.8 0 0 0 5.612E-14 -6.85987E-14 -5.02522E-12 4.92978E-12 1.15951E-16 1.07695E-13
25 2.2E-08 0.35 0.05 0 2.70515E-08 0.35 0.05 0 0 0 1.24242E-13 -1.20222E-13 -8.65119E-15 4.33464E-15 1.62569E-16 8.34614E-18
25 2.2E-08 0.35 0.1 0 2.70133E-08 0.35 0.1 0 0 0 1.24151E-13 -1.20222E-13 -8.69185E-15 4.44995E-15 1.62569E-16 1.98415E-17
25 2.2E-08 0.35 0.15 0 2.56447E-08 0.35 0.15 0 0 0 1.209E-13 -1.20222E-13 -2.67438E-15 1.89012E-15 1.62569E-16 3.52411E-17
25 2.2E-08 0.35 0.2 0 2.67858E-08 0.35 0.2 0 0 0 1.23611E-13 -1.20222E-13 -1.09873E-14 7.25129E-15 1.62569E-16 5.54615E-17
25 2.2E-08 0.35 0.25 0 2.93593E-08 0.35 0.25 0 0 0 1.29723E-13 -1.20222E-13 -3.32121E-14 2.35187E-14 1.62569E-16 8.17089E-17
25 2.2E-08 0.35 0.3 0 2.99066E-08 0.35 0.3 0 0 0 1.31023E-13 -1.20222E-13 -6.85987E-14 5.74864E-14 1.62569E-16 1.15951E-16
25 2.2E-08 0.35 0.35 0 2.52593E-08 0.35 0.35 0 0 0 1.19985E-13 -1.20222E-13 -1.20222E-13 1.19985E-13 1.62569E-16 1.62569E-16
25 2.2E-08 0.35 0.4 0 1.77371E-08 0.35 0.4 0 0 0 1.02119E-13 -1.20222E-13 -1.92979E-13 2.10158E-13 1.62569E-16 2.33352E-16
25 2.2E-08 0.35 0.45 0 1.21906E-08 0.35 0.45 0 0 0 8.89461E-14 -1.20222E-13 -2.96266E-13 3.26723E-13 1.62569E-16 3.60489E-16
25 2.2E-08 0.35 0.5 0 9.84817E-09 0.35 0.5 0 0 0 8.33826E-14 -1.20222E-13 -4.66247E-13 5.02738E-13 1.62569E-16 6.28925E-16
25 2.2E-08 0.35 0.55 0 9.99251E-09 0.35 0.55 0 0 0 8.37254E-14 -1.20222E-13 -7.70996E-13 8.05998E-13 1.62569E-16 1.25998E-15
25 2.2E-08 0.35 0.6 0 1.15384E-08 0.35 0.6 0 0 0 8.73969E-14 -1.20222E-13 -1.22754E-12 1.25729E-12 1.62569E-16 2.82925E-15
25 2.2E-08 0.35 0.65 0 1.40639E-08 0.35 0.65 0 0 0 9.33953E-14 -1.20222E-13 -1.84251E-12 1.86222E-12 1.62569E-16 6.81917E-15
25 2.2E-08 0.35 0.7 0 1.75634E-08 0.35 0.7 0 0 0 1.01707E-13 -1.20222E-13 -2.64544E-12 2.64713E-12 1.62569E-16 1.69936E-14
25 2.2E-08 0.35 0.75 0 2.21363E-08 0.35 0.75 0 0 0 1.12568E-13 -1.20222E-13 -3.68499E-12 3.64883E-12 1.62569E-16 4.27945E-14
25 2.2E-08 0.35 0.8 0 2.79335E-08 0.35 0.8 0 0 0 1.26336E-13 -1.20222E-13 -5.02522E-12 4.91103E-12 1.62569E-16 1.07695E-13
25 2.2E-08 0.4 0.05 0 1.56225E-08 0.4 0.05 0 0 0 1.96565E-13 -1.92979E-13 -8.65119E-15 4.31814E-15 2.33352E-16 8.34614E-18
25 2.2E-08 0.4 0.1 0 1.56151E-08 0.4 0.1 0 0 0 1.96518E-13 -1.92979E-13 -8.69185E-15 4.39002E-15 2.33352E-16 1.98415E-17
25 2.2E-08 0.4 0.15 0 1.51312E-08 0.4 0.15 0 0 0 1.93407E-13 -1.92979E-13 -2.67438E-15 1.69032E-15 2.33352E-16 3.52411E-17
25 2.2E-08 0.4 0.2 0 1.56391E-08 0.4 0.2 0 0 0 1.96672E-13 -1.92979E-13 -1.09873E-14 6.49691E-15 2.33352E-16 5.54615E-17
25 2.2E-08 0.4 0.25 0 1.69266E-08 0.4 0.25 0 0 0 2.04948E-13 -1.92979E-13 -3.32121E-14 2.06008E-14 2.33352E-16 8.17089E-17
25 2.2E-08 0.4 0.3 0 1.81011E-08 0.4 0.3 0 0 0 2.12497E-13 -1.92979E-13 -6.85987E-14 4.83187E-14 2.33352E-16 1.15951E-16
25 2.2E-08 0.4 0.35 0 1.77371E-08 0.4 0.35 0 0 0 2.10158E-13 -1.92979E-13 -1.20222E-13 1.02119E-13 2.33352E-16 1.62569E-16
25 2.2E-08 0.4 0.4 0 1.49577E-08 0.4 0.4 0 0 0 1.92292E-13 -1.92979E-13 -1.92979E-13 1.92292E-13 2.33352E-16 2.33352E-16
25 2.2E-08 0.4 0.45 0 1.15626E-08 0.4 0.45 0 0 0 1.70469E-13 -1.92979E-13 -2.96266E-13 3.17507E-13 2.33352E-16 3.60489E-16
25 2.2E-08 0.4 0.5 0 9.73698E-09 0.4 0.5 0 0 0 1.58734E-13 -1.92979E-13 -4.66247E-13 4.99693E-13 2.33352E-16 6.28925E-16
25 2.2E-08 0.4 0.55 0 9.90307E-09 0.4 0.55 0 0 0 1.59802E-13 -1.92979E-13 -7.70996E-13 8.02229E-13 2.33352E-16 1.25998E-15
25 2.2E-08 0.4 0.6 0 1.13681E-08 0.4 0.6 0 0 0 1.69219E-13 -1.92979E-13 -1.22754E-12 1.24778E-12 2.33352E-16 2.82925E-15
25 2.2E-08 0.4 0.65 0 1.37806E-08 0.4 0.65 0 0 0 1.84726E-13 -1.92979E-13 -1.84251E-12 1.84319E-12 2.33352E-16 6.81917E-15
25 2.2E-08 0.4 0.7 0 1.71378E-08 0.4 0.7 0 0 0 2.06306E-13 -1.92979E-13 -2.64544E-12 2.61483E-12 2.33352E-16 1.69936E-14
25 2.2E-08 0.4 0.75 0 2.15346E-08 0.4 0.75 0 0 0 2.34568E-13 -1.92979E-13 -3.68499E-12 3.59913E-12 2.33352E-16 4.27945E-14
25 2.2E-08 0.4 0.8 0 2.71157E-08 0.4 0.8 0 0 0 2.70442E-13 -1.92979E-13 -5.02522E-12 4.83923E-12 2.33352E-16 1.07695E-13
25 2.2E-08 0.45 0.05 0 1.03671E-08 0.45 0.05 0 0 0 2.99965E-13 -2.96266E-13 -8.65119E-15 4.31056E-15 3.60489E-16 8.34614E-18
25 2.2E-08 0.45 0.1 0 1.03652E-08 0.45 0.1 0 0 0 2.99937E-13 -2.96266E-13 -8.69185E-15 4.36241E-15 3.60489E-16 1.98415E-17
25 2.2E-08 0.45 0.15 0 1.01578E-08 0.45 0.15 0 0 0 2.96894E-13 -2.96266E-13 -2.67438E-15 1.59581E-15 3.60489E-16 3.52411E-17
25 2.2E-08 0.45 0.2 0 1.0398E-08 0.45 0.2 0 0 0 3.00419E-13 -2.96266E-13 -1.09873E-14 6.1422E-15 3.60489E-16 5.54615E-17
25 2.2E-08 0.45 0.25 0 1.10321E-08 0.45 0.25 0 0 0 3.09723E-13 -2.96266E-13 -3.32121E-14 1.92174E-14 3.60489E-16 8.17089E-17
25 2.2E-08 0.45 0.3 0 1.17865E-08 0.45 0.3 0 0 0 3.20793E-13 -2.96266E-13 -6.85987E-14 4.3415E-14 3.60489E-16 1.15951E-16
25 2.2E-08 0.45 0.35 0 1.21906E-08 0.45 0.35 0 0 0 3.26723E-13 -2.96266E-13 -1.20222E-13 8.89461E-14 3.60489E-16 1.62569E-16
25 2.2E-08 0.45 0.4 0 1.15626E-08 0.45 0.4 0 0 0 3.17507E-13 -2.96266E-13 -1.92979E-13 1.70469E-13 3.60489E-16 2.33352E-16
25 2.2E-08 0.45 0.45 0 1.00754E-08 0.45 0.45 0 0 0 2.95684E-13 -2.96266E-13 -2.96266E-13 2.95684E-13 3.60489E-16 3.60489E-16
25 2.2E-08 0.45 0.5 0 9.05712E-09 0.45 0.5 0 0 0 2.80743E-13 -2.96266E-13 -4.66247E-13 4.81076E-13 3.60489E-16 6.28925E-16
25 2.2E-08 0.45 0.55 0 9.37573E-09 0.45 0.55 0 0 0 2.85418E-13 -2.96266E-13 -7.70996E-13 7.80004E-13 3.60489E-16 1.25998E-15
25 2.2E-08 0.45 0.6 0 1.07724E-08 0.45 0.6 0 0 0 3.05912E-13 -2.96266E-13 -1.22754E-12 1.21447E-12 3.60489E-16 2.82925E-15
25 2.2E-08 0.45 0.65 0 1.30237E-08 0.45 0.65 0 0 0 3.38947E-13 -2.96266E-13 -1.84251E-12 1.79236E-12 3.60489E-16 6.81917E-15
25 2.2E-08 0.45 0.7 0 1.61482E-08 0.45 0.7 0 0 0 3.84794E-13 -2.96266E-13 -2.64544E-12 2.53974E-12 3.60489E-16 1.69936E-14
25 2.2E-08 0.45 0.75 0 2.02404E-08 0.45 0.75 0 0 0 4.44842E-13 -2.96266E-13 -3.68499E-12 3.49225E-12 3.60489E-16 4.27945E-14
25 2.2E-08 0.45 0.8 0 2.54381E-08 0.45 0.8 0 0 0 5.21111E-13 -2.96266E-13 -5.02522E-12 4.69195E-12 3.60489E-16 1.07695E-13
25 2.2E-08 0.5 0.05 0 8.66788E-09 0.5 0.05 0 0 0 4.70418E-13 -4.66247E-13 -8.65119E-15 4.3081E-15 6.28925E-16 8.34614E-18
25 2.2E-08 0.5 0.1 0 8.66713E-09 0.5 0.1 0 0 0 4.70397E-13 -4.66247E-13 -8.69185E-15 4.35348E-15 6.28925E-16 1.98415E-17
25 2.2E-08 0.5 0.15 0 8.55676E-09 0.5 0.15 0 0 0 4.67375E-13 -4.66247E-13 -2.67438E-15 1.56539E-15 6.28925E-16 3.52411E-17
25 2.2E-08 0.5 0.2 0 8.68861E-09 0.5 0.2 0 0 0 4.70986E-13 -4.66247E-13 -1.09873E-14 6.02651E-15 6.28925E-16 5.54615E-17
25 2.2E-08 0.5 0.25 0 9.04123E-09 0.5 0.25 0 0 0 4.80641E-13 -4.66247E-13 -3.32121E-14 1.87502E-14 6.28925E-16 8.17089E-17
25 2.2E-08 0.5 0.3 0 9.49347E-09 0.5 0.3 0 0 0 4.93025E-13 -4.66247E-13 -6.85987E-14 4.16343E-14 6.28925E-16 1.15951E-16
25 2.2E-08 0.5 0.35 0 9.84817E-09 0.5 0.35 0 0 0 5.02738E-13 -4.66247E-13 -1.20222E-13 8.33826E-14 6.28925E-16 1.62569E-16
25 2.2E-08 0.5 0.4 0 9.73698E-09 0.5 0.4 0 0 0 4.99693E-13 -4.66247E-13 -1.92979E-13 1.58734E-13 6.28925E-16 2.33352E-16
25 2.2E-08 0.5 0.45 0 9.05712E-09 0.5 0.45 0 0 0 4.81076E-13 -4.66247E-13 -2.96266E-13 2.80743E-13 6.28925E-16 3.60489E-16
25 2.2E-08 0.5 0.5 0 8.51147E-09 0.5 0.5 0 0 0 4.66135E-13 -4.66247E-13 -4.66247E-13 4.66135E-13 6.28925E-16 6.28925E-16
25 2.2E-08 0.5 0.55 0 8.88769E-09 0.5 0.55 0 0 0 4.76437E-13 -4.66247E-13 -7.70996E-13 7.59436E-13 6.28925E-16 1.25998E-15
25 2.2E-08 0.5 0.6 0 1.01518E-08 0.5 0.6 0 0 0 5.11051E-13 -4.66247E-13 -1.22754E-12 1.17979E-12 6.28925E-16 2.82925E-15
25 2.2E-08 0.5 0.65 0 1.21743E-08 0.5 0.65 0 0 0 5.66434E-13 -4.66247E-13 -1.84251E-12 1.73533E-12 6.28925E-16 6.81917E-15
25 2.2E-08 0.5 0.7 0 1.4986E-08 0.5 0.7 0 0 0 6.43427E-13 -4.66247E-13 -2.64544E-12 2.45156E-12 6.28925E-16 1.69936E-14
25 2.2E-08 0.5 0.75 0 1.86762E-08 0.5 0.75 0 0 0 7.44473E-13 -4.66247E-13 -3.68499E-12 3.36307E-12 6.28925E-16 4.27945E-14
25 2.2E-08 0.5 0.8 0 2.3371E-08 0.5 0.8 0 0 0 8.73031E-13 -4.66247E-13 -5.02522E-12 4.51048E-12 6.28925E-16 1.07695E-13
25 2.2E-08 0.55 0.05 0 9.23375E-09 0.55 0.05 0 0 0 7.74021E-13 -7.70996E-13 -8.65119E-15 4.30892E-15 1.25998E-15 8.34614E-18
25 2.2E-08 0.55 0.1 0 9.23321E-09 0.55 0.1 0 0 0 7.73998E-13 -7.70996E-13 -8.69185E-15 4.35646E-15 1.25998E-15 1.98415E-17
25 2.2E-08 0.55 0.15 0 9.1613E-09 0.55 0.15 0 0 0 7.70967E-13 -7.70996E-13 -2.67438E-15 1.57687E-15 1.25998E-15 3.52411E-17
25 2.2E-08 0.55 0.2 0 9.24634E-09 0.55 0.2 0 0 0 7.74551E-13 -7.70996E-13 -1.09873E-14 6.06426E-15 1.25998E-15 5.54615E-17
25 2.2E-08 0.55 0.25 0 9.47394E-09 0.55 0.25 0 0 0 7.84143E-13 -7.70996E-13 -3.32121E-14 1.88517E-14 1.25998E-15 8.17089E-17
25 2.2E-08 0.55 0.3 0 9.76517E-09 0.55 0.3 0 0 0 7.96417E-13 -7.70996E-13 -6.85987E-14 4.18453E-14 1.25998E-15 1.15951E-16
25 2.2E-08 0.55 0.35 0 9.99251E-09 0.55 0.35 0 0 0 8.05998E-13 -7.70996E-13 -1.20222E-13 8.37254E-14 1.25998E-15 1.62569E-16
25 2.2E-08 0.55 0.4 0 9.90307E-09 0.55 0.4 0 0 0 8.02229E-13 -7.70996E-13 -1.92979E-13 1.59802E-13 1.25998E-15 2.33352E-16
25 2.2E-08 0.55 0.45 0 9.37573E-09 0.55 0.45 0 0 0 7.80004E-13 -7.70996E-13 -2.96266E-13 2.85418E-13 1.25998E-15 3.60489E-16
25 2.2E-08 0.55 0.5 0 8.88769E-09 0.55 0.5 0 0 0 7.59436E-13 -7.70996E-13 -4.66247E-13 4.76437E-13 1.25998E-15 6.28925E-16
25 2.2E-08 0.55 0.55 0 9.13214E-09 0.55 0.55 0 0 0 7.69738E-13 -7.70996E-13 -7.70996E-13 7.69738E-13 1.25998E-15 1.25998E-15
25 2.2E-08 0.55 0.6 0 1.01716E-08 0.55 0.6 0 0 0 8.13546E-13 -7.70996E-13 -1.22754E-12 1.18089E-12 1.25998E-15 2.82925E-15
25 2.2E-08 0.55 0.65 0 1.19189E-08 0.55 0.65 0 0 0 8.87186E-13 -7.70996E-13 -1.84251E-12 1.71818E-12 1.25998E-15 6.81917E-15
25 2.2E-08 0.55 0.7 0 1.43979E-08 0.55 0.7 0 0 0 9.9166E-13 -7.70996E-13 -2.64544E-12 2.40693E-12 1.25998E-15 1.69936E-14
25 2.2E-08 0.55 0.75 0 1.76829E-08 0.55 0.75 0 0 0 1.13011E-12 -7.70996E-13 -3.68499E-12 3.28104E-12 1.25998E-15 4.27945E-14
25 2.2E-08 0.55 0.8 0 2.18842E-08 0.55 0.8 0 0 0 1.30717E-12 -7.70996E-13 -5.02522E-12 4.37995E-12 1.25998E-15 1.07695E-13
25 2.2E-08 0.6 0.05 0 1.10319E-08 0.6 0.05 0 0 0 1.22898E-12 -1.22754E-12 -8.65119E-15 4.31152E-15 2.82925E-15 8.34614E-18
25 2.2E-08 0.6 0.1 0 1.10314E-08 0.6 0.1 0 0 0 1.22895E-12 -1.22754E-12 -8.69185E-15 4.36591E-15 2.82925E-15 1.98415E-17
25 2.2E-08 0.6 0.15 0 1.09767E-08 0.6 0.15 0 0 0 1.2259E-12 -1.22754E-12 -2.67438E-15 1.61137E-15 2.82925E-15 3.52411E-17
25 2.2E-08 0.6 0.2 0 1.10393E-08 0.6 0.2 0 0 0 1.22939E-12 -1.22754E-12 -1.09873E-14 6.1856E-15 2.82925E-15 5.54615E-17
25 2.2E-08 0.6 0.25 0 1.12058E-08 0.6 0.25 0 0 0 1.2387E-12 -1.22754E-12 -3.32121E-14 1.92582E-14 2.82925E-15 8.17089E-17
25 2.2E-08 0.6 0.3 0 1.14098E-08 0.6 0.3 0 0 0 1.2501E-12 -1.22754E-12 -6.85987E-14 4.31225E-14 2.82925E-15 1.15951E-16
25 2.2E-08 0.6 0.35 0 1.15384E-08 0.6 0.35 0 0 0 1.25729E-12 -1.22754E-12 -1.20222E-13 8.73969E-14 2.82925E-15 1.62569E-16
25 2.2E-08 0.6 0.4 0 1.13681E-08 0.6 0.4 0 0 0 1.24778E-12 -1.22754E-12 -1.92979E-13 1.69219E-13 2.82925E-15 2.33352E-16
25 2.2E-08 0.6 0.45 0 1.07724E-08 0.6 0.45 0 0 0 1.21447E-12 -1.22754E-12 -2.96266E-13 3.05912E-13 2.82925E-15 3.60489E-16
25 2.2E-08 0.6 0.5 0 1.01518E-08 0.6 0.5 0 0 0 1.17979E-12 -1.22754E-12 -4.66247E-13 5.11051E-13 2.82925E-15 6.28925E-16
25 2.2E-08 0.6 0.55 0 1.01716E-08 0.6 0.55 0 0 0 1.18089E-12 -1.22754E-12 -7.70996E-13 8.13546E-13 2.82925E-15 1.25998E-15
25 2.2E-08 0.6 0.6 0 1.09553E-08 0.6 0.6 0 0 0 1.2247E-12 -1.22754E-12 -1.22754E-12 1.2247E-12 2.82925E-15 2.82925E-15
25 2.2E-08 0.6 0.65 0 1.24357E-08 0.6 0.65 0 0 0 1.30745E-12 -1.22754E-12 -1.84251E-12 1.75288E-12 2.82925E-15 6.81917E-15
25 2.2E-08 0.6 0.7 0 1.46217E-08 0.6 0.7 0 0 0 1.42964E-12 -1.22754E-12 -2.64544E-12 2.42391E-12 2.82925E-15 1.69936E-14
25 2.2E-08 0.6 0.75 0 1.75697E-08 0.6 0.75 0 0 0 1.59442E-12 -1.22754E-12 -3.68499E-12 3.27169E-12 2.82925E-15 4.27945E-14
25 2.2E-08 0.6 0.8 0 2.13731E-08 0.6 0.8 0 0 0 1.807E-12 -1.22754E-12 -5.02522E-12 4.33508E-12 2.82925E-15 1.07695E-13
25 2.2E-08 0.65 0.05 0 1.37316E-08 0.65 0.05 0 0 0 1.8399E-12 -1.84251E-12 -8.65119E-15 4.31541E-15 6.81917E-15 8.34614E-18
25 2.2E-08 0.65 0.1 0 1.3731E-08 0.65 0.1 0 0 0 1.83986E-12 -1.84251E-12 -8.69185E-15 4.38011E-15 6.81917E-15 1.98415E-17
25 2.2E-08 0.65 0.15 0 1.3685E-08 0.65 0.15 0 0 0 1.83677E-12 -1.84251E-12 -2.67438E-15 1.66284E-15 6.81917E-15 3.52411E-17
25 2.2E-08 0.65 0.2 0 1.37351E-08 0.65 0.2 0 0 0 1.84013E-12 -1.84251E-12 -1.09873E-14 6.36805E-15 6.81917E-15 5.54615E-17
25 2.2E-08 0.65 0.25 0 1.38671E-08 0.65 0.25 0 0 0 1.849E-12 -1.84251E-12 -3.32121E-14 1.98828E-14 6.81917E-15 8.17089E-17
25 2.2E-08 0.65 0.3 0 1.40161E-08 0.65 0.3 0 0 0 1.859E-12 -1.84251E-12 -6.85987E-14 4.51464E-14 6.81917E-15 1.15951E-16
25 2.2E-08 0.65 0.35 0 1.40639E-08 0.65 0.35 0 0 0 1.86222E-12 -1.84251E-12 -1.20222E-13 9.33953E-14 6.81917E-15 1.62569E-16
25 2.2E-08 0.65 0.4 0 1.37806E-08 0.65 0.4 0 0 0 1.84319E-12 -1.84251E-12 -1.92979E-13 1.84726E-13 6.81917E-15 2.33352E-16
25 2.2E-08 0.65 0.45 0 1.30237E-08 0.65 0.45 0 0 0 1.79236E-12 -1.84251E-12 -2.96266E-13 3.38947E-13 6.81917E-15 3.60489E-16
25 2.2E-08 0.65 0.5 0 1.21743E-08 0.65 0.5 0 0 0 1.73533E-12 -1.84251E-12 -4.66247E-13 5.66434E-13 6.81917E-15 6.28925E-16
25 2.2E-08 0.65 0.55 0 1.19189E-08 0.65 0.55 0 0 0 1.71818E-12 -1.84251E-12 -7.70996E-13 8.87186E-13 6.81917E-15 1.25998E-15
25 2.2E-08 0.65 0.6 0 1.24357E-08 0.65 0.6 0 0 0 1.75288E-12 -1.84251E-12 -1.22754E-12 1.30745E-12 6.81917E-15 2.82925E-15
25 2.2E-08 0.65 0.65 0 1.36679E-08 0.65 0.65 0 0 0 1.83563E-12 -1.84251E-12 -1.84251E-12 1.83563E-12 6.81917E-15 6.81917E-15
25 2.2E-08 0.65 0.7 0 1.56068E-08 0.65 0.7 0 0 0 1.96582E-12 -1.84251E-12 -2.64544E-12 2.49866E-12 6.81917E-15 1.69936E-14
25 2.2E-08 0.65 0.75 0 1.8289E-08 0.65 0.75 0 0 0 2.14594E-12 -1.84251E-12 -3.68499E-12 3.3311E-12 6.81917E-15 4.27945E-14
25 2.2E-08 0.65 0.8 0 2.17919E-08 0.65 0.8 0 0 0 2.38116E-12 -1.84251E-12 -5.02522E-12 4.37185E-12 6.81917E-15 1.07695E-13
25 2.2E-08 0.7 0.05 0 1.73788E-08 0.7 0.05 0 0 0 2.63312E-12 -2.64544E-12 -8.65119E-15 4.32068E-15 1.69936E-14 8.34614E-18
25 2.2E-08 0.7 0.1 0 1.73781E-08 0.7 0.1 0 0 0 2.63306E-12 -2.64544E-12 -8.69185E-15 4.39929E-15 1.69936E-14 1.98415E-17
25 2.2E-08 0.7 0.15 0 1.73367E-08 0.7 0.15 0 0 0 2.62992E-12 -2.64544E-12 -2.67438E-15 1.73224E-15 1.69936E-14 3.52411E-17
25 2.2E-08 0.7 0.2 0 1.73787E-08 0.7 0.2 0 0 0 2.63311E-12 -2.64544E-12 -1.09873E-14 6.61464E-15 1.69936E-14 5.54615E-17
25 2.2E-08 0.7 0.25 0 1.74876E-08 0.7 0.25 0 0 0 2.64137E-12 -2.64544E-12 -3.32121E-14 2.07325E-14 1.69936E-14 8.17089E-17
25 2.2E-08 0.7 0.3 0 1.7594E-08 0.7 0.3 0 0 0 2.64945E-12 -2.64544E-12 -6.85987E-14 4.79249E-14 1.69936E-14 1.15951E-16
25 2.2E-08 0.7 0.35 0 1.75634E-08 0.7 0.35 0 0 0 2.64713E-12 -2.64544E-12 -1.20222E-13 1.01707E-13 1.69936E-14 1.62569E-16
25 2.2E-08 0.7 0.4 0 1.71378E-08 0.7 0.4 0 0 0 2.61483E-12 -2.64544E-12 -1.92979E-13 2.06306E-13 1.69936E-14 2.33352E-16
25 2.2E-08 0.7 0.45 0 1.61482E-08 0.7 0.45 0 0 0 2.53974E-12 -2.64544E-12 -2.96266E-13 3.84794E-13 1.69936E-14 3.60489E-16
25 2.2E-08 0.7 0.5 0 1.4986E-08 0.7 0.5 0 0 0 2.45156E-12 -2.64544E-12 -4.66247E-13 6.43427E-13 1.69936E-14 6.28925E-16
25 2.2E-08 0.7 0.55 0 1.43979E-08 0.7 0.55 0 0 0 2.40693E-12 -2.64544E-12 -7.70996E-13 9.9166E-13 1.69936E-14 1.25998E-15
25 2.2E-08 0.7 0.6 0 1.46217E-08 0.7 0.6 0 0 0 2.42391E-12 -2.64544E-12 -1.22754E-12 1.42964E-12 1.69936E-14 2.82925E-15
25 2.2E-08 0.7 0.65 0 1.56068E-08 0.7 0.65 0 0 0 2.49866E-12 -2.64544E-12 -1.84251E-12 1.96582E-12 1.69936E-14 6.81917E-15
25 2.2E-08 0.7 0.7 0 1.73225E-08 0.7 0.7 0 0 0 2.62885E-12 -2.64544E-12 -2.64544E-12 2.62885E-12 1.69936E-14 1.69936E-14
25 2.2E-08 0.7 0.75 0 1.97845E-08 0.7 0.75 0 0 0 2.81566E-12 -2.64544E-12 -3.68499E-12 3.4546E-12 1.69936E-14 4.27945E-14
25 2.2E-08 0.7 0.8 0 2.3053E-08 0.7 0.8 0 0 0 3.06367E-12 -2.64544E-12 -5.02522E-12 4.48256E-12 1.69936E-14 1.07695E-13
25 2.2E-08 0.75 0.05 0 2.20982E-08 0.75 0.05 0 0 0 3.64567E-12 -3.68499E-12 -8.65119E-15 4.32749E-15 4.27945E-14 8.34614E-18
25 2.2E-08 0.75 0.1 0 2.20973E-08 0.75 0.1 0 0 0 3.6456E-12 -3.68499E-12 -8.69185E-15 4.4241E-15 4.27945E-14 1.98415E-17
25 2.2E-08 0.75 0.15 0 2.20584E-08 0.75 0.15 0 0 0 3.64239E-12 -3.68499E-12 -2.67438E-15 1.82197E-15 4.27945E-14 3.52411E-17
25 2.2E-08 0.75 0.2 0 2.20943E-08 0.75 0.2 0 0 0 3.64535E-12 -3.68499E-12 -1.09873E-14 6.93378E-15 4.27945E-14 5.54615E-17
25 2.2E-08 0.75 0.25 0 2.21848E-08 0.75 0.25 0 0 0 3.65283E-12 -3.68499E-12 -3.32121E-14 2.18349E-14 4.27945E-14 8.17089E-17
25 2.2E-08 0.75 0.3 0 2.22522E-08 0.75 0.3 0 0 0 3.65839E-12 -3.68499E-12 -6.85987E-14 5.15422E-14 4.27945E-14 1.15951E-16
25 2.2E-08 0.75 0.35 0 2.21363E-08 0.75 0.35 0 0 0 3.64883E-12 -3.68499E-12 -1.20222E-13 1.12568E-13 4.27945E-14 1.62569E-16
25 2.2E-08 0.75 0.4 0 2.15346E-08 0.75 0.4 0 0 0 3.59913E-12 -3.68499E-12 -1.92979E-13 2.34568E-13 4.27945E-14 2.33352E-16
25 2.2E-08 0.75 0.45 0 2.02404E-08 0.75 0.45 0 0 0 3.49225E-12 -3.68499E-12 -2.96266E-13 4.44842E-13 4.27945E-14 3.60489E-16
25 2.2E-08 0.75 0.5 0 1.86762E-08 0.75 0.5 0 0 0 3.36307E-12 -3.68499E-12 -4.66247E-13 7.44473E-13 4.27945E-14 6.28925E-16
25 2.2E-08 0.75 0.55 0 1.76829E-08 0.75 0.55 0 0 0 3.28104E-12 -3.68499E-12 -7.70996E-13 1.13011E-12 4.27945E-14 1.25998E-15
25 2.2E-08 0.75 0.6 0 1.75697E-08 0.75 0.6 0 0 0 3.27169E-12 -3.68499E-12 -1.22754E-12 1.59442E-12 4.27945E-14 2.82925E-15
25 2.2E-08 0.75 0.65 0 1.8289E-08 0.75 0.65 0 0 0 3.3311E-12 -3.68499E-12 -1.84251E-12 2.14594E-12 4.27945E-14 6.81917E-15
25 2.2E-08 0.75 0.7 0 1.97845E-08 0.75 0.7 0 0 0 3.4546E-12 -3.68499E-12 -2.64544E-12 2.81566E-12 4.27945E-14 1.69936E-14
25 2.2E-08 0.75 0.75 0 2.20465E-08 0.75 0.75 0 0 0 3.64141E-12 -3.68499E-12 -3.68499E-12 3.64141E-12 4.27945E-14 4.27945E-14
25 2.2E-08 0.75 0.8 0 2.51172E-08 0.75 0.8 0 0 0 3.895E-12 -3.68499E-12 -5.02522E-12 4.66378E-12 4.27945E-14 1.07695E-13
25 2.2E-08 0.8 0.05 0 2.80543E-08 0.8 0.05 0 0 0 4.92163E-12 -5.02522E-12 -8.65119E-15 4.33609E-15 1.07695E-13 8.34614E-18
25 2.2E-08 0.8 0.1 0 2.80532E-08 0.8 0.1 0 0 0 4.92154E-12 -5.02522E-12 -8.69185E-15 4.45542E-15 1.07695E-13 1.98415E-17
25 2.2E-08 0.8 0.15 0 2.80157E-08 0.8 0.15 0 0 0 4.91825E-12 -5.02522E-12 -2.67438E-15 1.93518E-15 1.07695E-13 3.52411E-17
25 2.2E-08 0.8 0.2 0 2.80461E-08 0.8 0.2 0 0 0 4.92092E-12 -5.02522E-12 -1.09873E-14 7.33659E-15 1.07695E-13 5.54615E-17
25 2.2E-08 0.8 0.25 0 2.81201E-08 0.8 0.25 0 0 0 4.92741E-12 -5.02522E-12 -3.32121E-14 2.32278E-14 1.07695E-13 8.17089E-17
25 2.2E-08 0.8 0.3 0 2.81471E-08 0.8 0.3 0 0 0 4.92978E-12 -5.02522E-12 -6.85987E-14 5.612E-14 1.07695E-13 1.15951E-16
25 2.2E-08 0.8 0.35 0 2.79335E-08 0.8 0.35 0 0 0 4.91103E-12 -5.02522E-12 -1.20222E-13 1.26336E-13 1.07695E-13 1.62569E-16
25 2.2E-08 0.8 0.4 0 2.71157E-08 0.8 0.4 0 0 0 4.83923E-12 -5.02522E-12 -1.92979E-13 2.70442E-13 1.07695E-13 2.33352E-16
25 2.2E-08 0.8 0.45 0 2.54381E-08 0.8 0.45 0 0 0 4.69195E-12 -5.02522E-12 -2.96266E-13 5.21111E-13 1.07695E-13 3.60489E-16
25 2.2E-08 0.8 0.5 0 2.3371E-08 0.8 0.5 0 0 0 4.51048E-12 -5.02522E-12 -4.66247E-13 8.73031E-13 1.07695E-13 6.28925E-16
25 2.2E-08 0.8 0.55 0 2.18842E-08 0.8 0.55 0 0 0 4.37995E-12 -5.02522E-12 -7.70996E-13 1.30717E-12 1.07695E-13 1.25998E-15
25 2.2E-08 0.8 0.6 0 2.13731E-08 0.8 0.6 0 0 0 4.33508E-12 -5.02522E-12 -1.22754E-12 1.807E-12 1.07695E-13 2.82925E-15
25 2.2E-08 0.8 0.65 0 2.17919E-08 0.8 0.65 0 0 0 4.37185E-12 -5.02522E-12 -1.84251E-12 2.38116E-12 1.07695E-13 6.81917E-15
25 2.2E-08 0.8 0.7 0 2.3053E-08 0.8 0.7 0 0 0 4.48256E-12 -5.02522E-12 -2.64544E-12 3.06367E-12 1.07695E-13 1.69936E-14
25 2.2E-08 0.8 0.75 0 2.51172E-08 0.8 0.75 0 0 0 4.66378E-12 -5.02522E-12 -3.68499E-12 3.895E-12 1.07695E-13 4.27945E-14
25 2.2E-08 0.8 0.8 0 2.80058E-08 0.8 0.8 0 0 0 4.91738E-12 -5.02522E-12 -5.02522E-12 4.91738E-12 1.07695E-13 1.07695E-13
