
25 4.4E-08 0.05 0.05 0 3.85578E-06 0.05 0.05 0 0 0 2.43413E-14 -2.43912E-14 -2.43912E-14 2.43413E-14 2.3648E-17 2.3648E-17
25 4.4E-08 0.05 0.1 0 1.66349E-06 0.05 0.1 0 0 0 1.74216E-14 -2.43912E-14 -2.44884E-14 3.13315E-14 2.36477E-17 5.6218E-17
25 4.4E-08 0.05 0.15 0 3.61146E-07 0.05 0.15 0 0 0 1.33108E-14 -2.43912E-14 -8.04111E-15 1.898E-14 2.36475E-17 9.98497E-17
25 4.4E-08 0.05 0.2 0 1.825E-07 0.05 0.2 0 0 0 1.27469E-14 -2.43912E-14 -3.09562E-14 4.24128E-14 2.36474E-17 1.57141E-16
25 4.4E-08 0.05 0.25 0 1.14846E-07 0.05 0.25 0 0 0 1.25333E-14 -2.43912E-14 -9.45314E-14 1.06035E-13 2.36474E-17 2.31509E-16
25 4.4E-08 0.05 0.3 0 6.42602E-08 0.05 0.3 0 0 0 1.23737E-14 -2.43912E-14 -1.94332E-13 2.0612E-13 2.36474E-17 3.28527E-16
25 4.4E-08 0.05 0.35 0 3.51172E-08 0.05 0.35 0 0 0 1.22817E-14 -2.43912E-14 -3.40446E-13 3.52018E-13 2.36474E-17 4.60613E-16
25 4.4E-08 0.05 0.4 0 2.03402E-08 0.05 0.4 0 0 0 1.2235E-14 -2.43912E-14 -5.45468E-13 5.56934E-13 2.36474E-17 6.61164E-16
25 4.4E-08 0.05 0.45 0 1.35754E-08 0.05 0.45 0 0 0 1.22137E-14 -2.43912E-14 -8.38821E-13 8.49899E-13 2.36474E-17 1.02139E-15
25 4.4E-08 0.05 0.5 0 1.14458E-08 0.05 0.5 0 0 0 1.2207E-14 -2.43912E-14 -1.32223E-12 1.33285E-12 2.36474E-17 1.78195E-15
25 4.4E-08 0.05 0.55 0 1.23059E-08 0.05 0.55 0 0 0 1.22097E-14 -2.43912E-14 -2.18436E-12 2.19306E-12 2.36474E-17 3.56994E-15
25 4.4E-08 0.05 0.6 0 1.48239E-08 0.05 0.6 0 0 0 1.22176E-14 -2.43912E-14 -3.47813E-12 3.48211E-12 2.36474E-17 8.01622E-15
25 4.4E-08 0.05 0.65 0 1.85728E-08 0.05 0.65 0 0 0 1.22295E-14 -2.43912E-14 -5.22013E-12 5.21305E-12 2.36474E-17 1.9321E-14
25 4.4E-08 0.05 0.7 0 2.36229E-08 0.05 0.7 0 0 0 1.22454E-14 -2.43912E-14 -7.49648E-12 7.4605E-12 2.36474E-17 4.81486E-14
25 4.4E-08 0.05 0.75 0 3.0151E-08 0.05 0.75 0 0 0 1.2266E-14 -2.43912E-14 -1.04385E-11 1.03294E-11 2.36474E-17 1.21251E-13
25 4.4E-08 0.05 0.8 0 3.83883E-08 0.05 0.8 0 0 0 1.2292E-14 -2.43912E-14 -1.42375E-11 1.39446E-11 2.36474E-17 3.05135E-13
25 4.4E-08 0.1 0.05 0 1.66349E-06 0.1 0.05 0 0 0 3.13315E-14 -2.44884E-14 -2.43912E-14 1.74216E-14 5.6218E-17 2.36477E-17
25 4.4E-08 0.1 0.1 0 1.06161E-06 0.1 0.1 0 0 0 2.44115E-14 -2.44884E-14 -2.44884E-14 2.44115E-14 5.62179E-17 5.62179E-17
25 4.4E-08 0.1 0.15 0 3.05019E-07 0.1 0.15 0 0 0 1.57127E-14 -2.44884E-14 -8.04111E-15 1.66479E-14 5.62178E-17 9.98497E-17
25 4.4E-08 0.1 0.2 0 1.73173E-07 0.1 0.2 0 0 0 1.41968E-14 -2.44884E-14 -3.09562E-14 4.10327E-14 5.62177E-17 1.57141E-16
25 4.4E-08 0.1 0.25 0 1.13086E-07 0.1 0.25 0 0 0 1.35059E-14 -2.44884E-14 -9.45314E-14 1.05132E-13 5.62177E-17 2.31509E-16
25 4.4E-08 0.1 0.3 0 6.39669E-08 0.1 0.3 0 0 0 1.29412E-14 -2.44884E-14 -1.94332E-13 2.05622E-13 5.62177E-17 3.28527E-16
25 4.4E-08 0.1 0.35 0 3.50675E-08 0.1 0.35 0 0 0 1.26089E-14 -2.44884E-14 -3.40446E-13 3.5176E-13 5.62177E-17 4.60613E-16
25 4.4E-08 0.1 0.4 0 2.03306E-08 0.1 0.4 0 0 0 1.24395E-14 -2.44884E-14 -5.45468E-13 5.56799E-13 5.62177E-17 6.61164E-16
25 4.4E-08 0.1 0.45 0 1.3573E-08 0.1 0.45 0 0 0 1.23618E-14 -2.44884E-14 -8.38821E-13 8.49821E-13 5.62177E-17 1.02139E-15
25 4.4E-08 0.1 0.5 0 1.14447E-08 0.1 0.5 0 0 0 1.23373E-14 -2.44884E-14 -1.32223E-12 1.33279E-12 5.62177E-17 1.78195E-15
25 4.4E-08 0.1 0.55 0 1.23052E-08 0.1 0.55 0 0 0 1.23472E-14 -2.44884E-14 -2.18436E-12 2.19299E-12 5.62177E-17 3.56994E-15
25 4.4E-08 0.1 0.6 0 1.48232E-08 0.1 0.6 0 0 0 1.23762E-14 -2.44884E-14 -3.47813E-12 3.48202E-12 5.62177E-17 8.01622E-15
25 4.4E-08 0.1 0.65 0 1.85719E-08 0.1 0.65 0 0 0 1.24193E-14 -2.44884E-14 -5.22013E-12 5.21293E-12 5.62177E-17 1.9321E-14
25 4.4E-08 0.1 0.7 0 2.36218E-08 0.1 0.7 0 0 0 1.24773E-14 -2.44884E-14 -7.49648E-12 7.46034E-12 5.62177E-17 4.81486E-14
25 4.4E-08 0.1 0.75 0 3.01497E-08 0.1 0.75 0 0 0 1.25524E-14 -2.44884E-14 -1.04385E-11 1.03292E-11 5.62177E-17 1.21251E-13
25 4.4E-08 0.1 0.8 0 3.83868E-08 0.1 0.8 0 0 0 1.26471E-14 -2.44884E-14 -1.42375E-11 1.39443E-11 5.62177E-17 3.05135E-13
25 4.4E-08 0.15 0.05 0 3.61146E-07 0.15 0.05 0 0 0 1.898E-14 -8.04111E-15 -2.43912E-14 1.33108E-14 9.98497E-17 2.36475E-17
25 4.4E-08 0.15 0.1 0 3.05019E-07 0.15 0.1 0 0 0 1.66479E-14 -8.04111E-15 -2.44884E-14 1.57127E-14 9.98497E-17 5.62178E-17
25 4.4E-08 0.15 0.15 0 9.5658E-08 0.15 0.15 0 0 0 7.94908E-15 -8.04111E-15 -8.04111E-15 7.94908E-15 9.98497E-17 9.98497E-17
25 4.4E-08 0.15 0.2 0 1.0228E-07 0.15 0.2 0 0 0 8.22422E-15 -8.04111E-15 -3.09562E-14 3.05429E-14 9.98497E-17 1.57141E-16
25 4.4E-08 0.15 0.25 0 9.21167E-08 0.15 0.25 0 0 0 7.80194E-15 -8.04111E-15 -9.45314E-14 9.43738E-14 9.98497E-17 2.31509E-16
25 4.4E-08 0.15 0.3 0 5.81263E-08 0.15 0.3 0 0 0 6.38966E-15 -8.04111E-15 -1.94332E-13 1.95711E-13 9.98497E-17 3.28527E-16
25 4.4E-08 0.15 0.35 0 3.32906E-08 0.15 0.35 0 0 0 5.35774E-15 -8.04111E-15 -3.40446E-13 3.42549E-13 9.98497E-17 4.60613E-16
25 4.4E-08 0.15 0.4 0 1.97003E-08 0.15 0.4 0 0 0 4.79307E-15 -8.04111E-15 -5.45468E-13 5.47983E-13 9.98497E-17 6.61164E-16
25 4.4E-08 0.15 0.45 0 1.33012E-08 0.15 0.45 0 0 0 4.52719E-15 -8.04111E-15 -8.38821E-13 8.41193E-13 9.98497E-17 1.02139E-15
25 4.4E-08 0.15 0.5 0 1.12989E-08 0.15 0.5 0 0 0 4.444E-15 -8.04111E-15 -1.32223E-12 1.32422E-12 9.98497E-17 1.78195E-15
25 4.4E-08 0.15 0.55 0 1.22092E-08 0.15 0.55 0 0 0 4.48182E-15 -8.04111E-15 -2.18436E-12 2.18439E-12 9.98497E-17 3.56994E-15
25 4.4E-08 0.15 0.6 0 1.47496E-08 0.15 0.6 0 0 0 4.58737E-15 -8.04111E-15 -3.47813E-12 3.47335E-12 9.98497E-17 8.01622E-15
25 4.4E-08 0.15 0.65 0 1.85094E-08 0.15 0.65 0 0 0 4.74359E-15 -8.04111E-15 -5.22013E-12 5.20414E-12 9.98497E-17 1.9321E-14
25 4.4E-08 0.15 0.7 0 2.35653E-08 0.15 0.7 0 0 0 4.95366E-15 -8.04111E-15 -7.49648E-12 7.4514E-12 9.98497E-17 4.81486E-14
25 4.4E-08 0.15 0.75 0 3.00965E-08 0.15 0.75 0 0 0 5.22503E-15 -8.04111E-15 -1.04385E-11 1.032E-11 9.98497E-17 1.21251E-13
25 4.4E-08 0.15 0.8 0 3.83351E-08 0.15 0.8 0 0 0 5.56734E-15 -8.04111E-15 -1.42375E-11 1.3935E-11 9.98497E-17 3.05135E-13
25 4.4E-08 0.2 0.05 0 1.825E-07 0.2 0.05 0 0 0 4.24128E-14 -3.09562E-14 -2.43912E-14 1.27469E-14 1.57141E-16 2.36474E-17
25 4.4E-08 0.2 0.1 0 1.73173E-07 0.2 0.1 0 0 0 4.10327E-14 -3.09562E-14 -2.44884E-14 1.41968E-14 1.57141E-16 5.62177E-17
25 4.4E-08 0.2 0.15 0 1.0228E-07 0.2 0.15 0 0 0 3.05429E-14 -3.09562E-14 -8.04111E-15 8.22422E-15 1.57141E-16 9.98497E-17
25 4.4E-08 0.2 0.2 0 1.04139E-07 0.2 0.2 0 0 0 3.0818E-14 -3.09562E-14 -3.09562E-14 3.0818E-14 1.57141E-16 1.57141E-16
25 4.4E-08 0.2 0.25 0 9.45853E-08 0.2 0.25 0 0 0 2.94044E-14 -3.09562E-14 -9.45314E-14 9.56403E-14 1.57141E-16 2.31509E-16
25 4.4E-08 0.2 0.3 0 6.09715E-08 0.2 0.3 0 0 0 2.44307E-14 -3.09562E-14 -1.94332E-13 2.00539E-13 1.57141E-16 3.28527E-16
25 4.4E-08 0.2 0.35 0 3.47708E-08 0.2 0.35 0 0 0 2.05539E-14 -3.09562E-14 -3.40446E-13 3.50222E-13 1.57141E-16 4.60613E-16
25 4.4E-08 0.2 0.4 0 2.03609E-08 0.2 0.4 0 0 0 1.84218E-14 -3.09562E-14 -5.45468E-13 5.57223E-13 1.57141E-16 6.61164E-16
25 4.4E-08 0.2 0.45 0 1.36153E-08 0.2 0.45 0 0 0 1.74236E-14 -3.09562E-14 -8.38821E-13 8.51166E-13 1.57141E-16 1.02139E-15
25 4.4E-08 0.2 0.5 0 1.14726E-08 0.2 0.5 0 0 0 1.71066E-14 -3.09562E-14 -1.32223E-12 1.33443E-12 1.57141E-16 1.78195E-15
25 4.4E-08 0.2 0.55 0 1.23222E-08 0.2 0.55 0 0 0 1.72323E-14 -3.09562E-14 -2.18436E-12 2.19451E-12 1.57141E-16 3.56994E-15
25 4.4E-08 0.2 0.6 0 1.48332E-08 0.2 0.6 0 0 0 1.76038E-14 -3.09562E-14 -3.47813E-12 3.4832E-12 1.57141E-16 8.01622E-15
25 4.4E-08 0.2 0.65 0 1.85766E-08 0.2 0.65 0 0 0 1.81577E-14 -3.09562E-14 -5.22013E-12 5.2136E-12 1.57141E-16 1.9321E-14
25 4.4E-08 0.2 0.7 0 2.36217E-08 0.2 0.7 0 0 0 1.89042E-14 -3.09562E-14 -7.49648E-12 7.46032E-12 1.57141E-16 4.81486E-14
25 4.4E-08 0.2 0.75 0 3.01444E-08 0.2 0.75 0 0 0 1.98694E-14 -3.09562E-14 -1.04385E-11 1.03283E-11 1.57141E-16 1.21251E-13
25 4.4E-08 0.2 0.8 0 3.83756E-08 0.2 0.8 0 0 0 2.10873E-14 -3.09562E-14 -1.42375E-11 1.39423E-11 1.57141E-16 3.05135E-13
25 4.4E-08 0.25 0.05 0 1.14846E-07 0.25 0.05 0 0 0 1.06035E-13 -9.45314E-14 -2.43912E-14 1.25333E-14 2.31509E-16 2.36474E-17
25 4.4E-08 0.25 0.1 0 1.13086E-07 0.25 0.1 0 0 0 1.05132E-13 -9.45314E-14 -2.44884E-14 1.35059E-14 2.31509E-16 5.62177E-17
25 4.4E-08 0.25 0.15 0 9.21167E-08 0.25 0.15 0 0 0 9.43738E-14 -9.45314E-14 -8.04111E-15 7.80194E-15 2.31509E-16 9.98497E-17
25 4.4E-08 0.25 0.2 0 9.45853E-08 0.25 0.2 0 0 0 9.56403E-14 -9.45314E-14 -3.09562E-14 2.94044E-14 2.31509E-16 1.57141E-16
25 4.4E-08 0.25 0.25 0 9.18299E-08 0.25 0.25 0 0 0 9.42266E-14 -9.45314E-14 -9.45314E-14 9.42266E-14 2.31509E-16 2.31509E-16
25 4.4E-08 0.25 0.3 0 6.52451E-08 0.25 0.3 0 0 0 8.05873E-14 -9.45314E-14 -1.94332E-13 2.07791E-13 2.31509E-16 3.28527E-16
25 4.4E-08 0.25 0.35 0 3.81077E-08 0.25 0.35 0 0 0 6.66645E-14 -9.45314E-14 -3.40446E-13 3.6752E-13 2.31509E-16 4.60613E-16
25 4.4E-08 0.25 0.4 0 2.20346E-08 0.25 0.4 0 0 0 5.84182E-14 -9.45314E-14 -5.45468E-13 5.80636E-13 2.31509E-16 6.61164E-16
25 4.4E-08 0.25 0.45 0 1.44439E-08 0.25 0.45 0 0 0 5.45238E-14 -9.45314E-14 -8.38821E-13 8.77474E-13 2.31509E-16 1.02139E-15
25 4.4E-08 0.25 0.5 0 1.19369E-08 0.25 0.5 0 0 0 5.32376E-14 -9.45314E-14 -1.32223E-12 1.36171E-12 2.31509E-16 1.78195E-15
25 4.4E-08 0.25 0.55 0 1.26241E-08 0.25 0.55 0 0 0 5.35901E-14 -9.45314E-14 -2.18436E-12 2.22156E-12 2.31509E-16 3.56994E-15
25 4.4E-08 0.25 0.6 0 1.50553E-08 0.25 0.6 0 0 0 5.48375E-14 -9.45314E-14 -3.47813E-12 3.50938E-12 2.31509E-16 8.01622E-15
25 4.4E-08 0.25 0.65 0 1.87532E-08 0.25 0.65 0 0 0 5.67347E-14 -9.45314E-14 -5.22013E-12 5.23843E-12 2.31509E-16 1.9321E-14
25 4.4E-08 0.25 0.7 0 2.37672E-08 0.25 0.7 0 0 0 5.93071E-14 -9.45314E-14 -7.49648E-12 7.48332E-12 2.31509E-16 4.81486E-14
25 4.4E-08 0.25 0.75 0 3.02648E-08 0.25 0.75 0 0 0 6.26407E-14 -9.45314E-14 -1.04385E-11 1.03489E-11 2.31509E-16 1.21251E-13
25 4.4E-08 0.25 0.8 0 3.84726E-08 0.25 0.8 0 0 0 6.68517E-14 -9.45314E-14 -1.42375E-11 1.39599E-11 2.31509E-16 3.05135E-13
25 4.4E-08 0.3 0.05 0 6.42602E-08 0.3 0.05 0 0 0 2.0612E-13 -1.94332E-13 -2.43912E-14 1.23737E-14 3.28527E-16 2.36474E-17
25 4.4E-08 0.3 0.1 0 6.39669E-08 0.3 0.1 0 0 0 2.05622E-13 -1.94332E-13 -2.44884E-14 1.29412E-14 3.28527E-16 5.62177E-17
25 4.4E-08 0.3 0.15 0 5.81263E-08 0.3 0.15 0 0 0 1.95711E-13 -1.94332E-13 -8.04111E-15 6.38966E-15 3.28527E-16 9.98497E-17
25 4.4E-08 0.3 0.2 0 6.09715E-08 0.3 0.2 0 0 0 2.00539E-13 -1.94332E-13 -3.09562E-14 2.44307E-14 3.28527E-16 1.57141E-16
25 4.4E-08 0.3 0.25 0 6.52451E-08 0.3 0.25 0 0 0 2.07791E-13 -1.94332E-13 -9.45314E-14 8.05873E-14 3.28527E-16 2.31509E-16
25 4.4E-08 0.3 0.3 0 5.72074E-08 0.3 0.3 0 0 0 1.94152E-13 -1.94332E-13 -1.94332E-13 1.94152E-13 3.28527E-16 3.28527E-16
25 4.4E-08 0.3 0.35 0 3.88124E-08 0.3 0.35 0 0 0 1.62937E-13 -1.94332E-13 -3.40446E-13 3.71172E-13 3.28527E-16 4.60613E-16
25 4.4E-08 0.3 0.4 0 2.35569E-08 0.3 0.4 0 0 0 1.3705E-13 -1.94332E-13 -5.45468E-13 6.01929E-13 3.28527E-16 6.61164E-16
25 4.4E-08 0.3 0.45 0 1.54265E-08 0.3 0.45 0 0 0 1.23253E-13 -1.94332E-13 -8.38821E-13 9.0867E-13 3.28527E-16 1.02139E-15
25 4.4E-08 0.3 0.5 0 1.25296E-08 0.3 0.5 0 0 0 1.18337E-13 -1.94332E-13 -1.32223E-12 1.39653E-12 3.28527E-16 1.78195E-15
25 4.4E-08 0.3 0.55 0 1.30076E-08 0.3 0.55 0 0 0 1.19149E-13 -1.94332E-13 -2.18436E-12 2.25593E-12 3.28527E-16 3.56994E-15
25 4.4E-08 0.3 0.6 0 1.53241E-08 0.3 0.6 0 0 0 1.23079E-13 -1.94332E-13 -3.47813E-12 3.54106E-12 3.28527E-16 8.01622E-15
25 4.4E-08 0.3 0.65 0 1.89482E-08 0.3 0.65 0 0 0 1.29229E-13 -1.94332E-13 -5.22013E-12 5.26586E-12 3.28527E-16 1.9321E-14
25 4.4E-08 0.3 0.7 0 2.39037E-08 0.3 0.7 0 0 0 1.37638E-13 -1.94332E-13 -7.49648E-12 7.50492E-12 3.28527E-16 4.81486E-14
25 4.4E-08 0.3 0.75 0 3.03464E-08 0.3 0.75 0 0 0 1.48571E-13 -1.94332E-13 -1.04385E-11 1.03629E-11 3.28527E-16 1.21251E-13
25 4.4E-08 0.3 0.8 0 3.84967E-08 0.3 0.8 0 0 0 1.62401E-13 -1.94332E-13 -1.42375E-11 1.39643E-11 3.28527E-16 3.05135E-13
25 4.4E-08 0.35 0.05 0 3.51172E-08 0.35 0.05 0 0 0 3.52018E-13 -3.40446E-13 -2.43912E-14 1.22817E-14 4.60613E-16 2.36474E-17
25 4.4E-08 0.35 0.1 0 3.50675E-08 0.35 0.1 0 0 0 3.5176E-13 -3.40446E-13 -2.44884E-14 1.26089E-14 4.60613E-16 5.62177E-17
25 4.4E-08 0.35 0.15 0 3.32906E-08 0.35 0.15 0 0 0 3.42549E-13 -3.40446E-13 -8.04111E-15 5.35774E-15 4.60613E-16 9.98497E-17
25 4.4E-08 0.35 0.2 0 3.47708E-08 0.35 0.2 0 0 0 3.50222E-13 -3.40446E-13 -3.09562E-14 2.05539E-14 4.60613E-16 1.57141E-16
25 4.4E-08 0.35 0.25 0 3.81077E-08 0.35 0.25 0 0 0 3.6752E-13 -3.40446E-13 -9.45314E-14 6.66645E-14 4.60613E-16 2.31509E-16
25 4.4E-08 0.35 0.3 0 3.88124E-08 0.35 0.3 0 0 0 3.71172E-13 -3.40446E-13 -1.94332E-13 1.62937E-13 4.60613E-16 3.28527E-16
25 4.4E-08 0.35 0.35 0 3.27907E-08 0.35 0.35 0 0 0 3.39958E-13 -3.40446E-13 -3.40446E-13 3.39958E-13 4.60613E-16 4.60613E-16
25 4.4E-08 0.35 0.4 0 2.30751E-08 0.35 0.4 0 0 0 2.89595E-13 -3.40446E-13 -5.45468E-13 5.9519E-13 4.60613E-16 6.61164E-16
25 4.4E-08 0.35 0.45 0 1.5944E-08 0.35 0.45 0 0 0 2.52629E-13 -3.40446E-13 -8.38821E-13 9.251E-13 4.60613E-16 1.02139E-15
25 4.4E-08 0.35 0.5 0 1.29865E-08 0.35 0.5 0 0 0 2.37298E-13 -3.40446E-13 -1.32223E-12 1.42338E-12 4.60613E-16 1.78195E-15
25 4.4E-08 0.35 0.55 0 1.32983E-08 0.35 0.55 0 0 0 2.38914E-13 -3.40446E-13 -2.18436E-12 2.28197E-12 4.60613E-16 3.56994E-15
25 4.4E-08 0.35 0.6 0 1.54823E-08 0.35 0.6 0 0 0 2.50235E-13 -3.40446E-13 -3.47813E-12 3.55971E-12 4.60613E-16 8.01622E-15
25 4.4E-08 0.35 0.65 0 1.8995E-08 0.35 0.65 0 0 0 2.68444E-13 -3.40446E-13 -5.22013E-12 5.27245E-12 4.60613E-16 1.9321E-14
25 4.4E-08 0.35 0.7 0 2.38398E-08 0.35 0.7 0 0 0 2.93558E-13 -3.40446E-13 -7.49648E-12 7.4948E-12 4.60613E-16 4.81486E-14
25 4.4E-08 0.35 0.75 0 3.01601E-08 0.35 0.75 0 0 0 3.26321E-13 -3.40446E-13 -1.04385E-11 1.0331E-11 4.60613E-16 1.21251E-13
25 4.4E-08 0.35 0.8 0 3.81687E-08 0.35 0.8 0 0 0 3.67836E-13 -3.40446E-13 -1.42375E-11 1.39047E-11 4.60613E-16 3.05135E-13
25 4.4E-08 0.4 0.05 0 2.03402E-08 0.4 0.05 0 0 0 5.56934E-13 -5.45468E-13 -2.43912E-14 1.2235E-14 6.61164E-16 2.36474E-17
25 4.4E-08 0.4 0.1 0 2.03306E-08 0.4 0.1 0 0 0 5.56799E-13 -5.45468E-13 -2.44884E-14 1.24395E-14 6.61164E-16 5.62177E-17
25 4.4E-08 0.4 0.15 0 1.97003E-08 0.4 0.15 0 0 0 5.47983E-13 -5.45468E-13 -8.04111E-15 4.79307E-15 6.61164E-16 9.98497E-17
25 4.4E-08 0.4 0.2 0 2.03609E-08 0.4 0.2 0 0 0 5.57223E-13 -5.45468E-13 -3.09562E-14 1.84218E-14 6.61164E-16 1.57141E-16
25 4.4E-08 0.4 0.25 0 2.20346E-08 0.4 0.25 0 0 0 5.80636E-13 -5.45468E-13 -9.45314E-14 5.84182E-14 6.61164E-16 2.31509E-16
25 4.4E-08 0.4 0.3 0 2.35569E-08 0.4 0.3 0 0 0 6.01929E-13 -5.45468E-13 -1.94332E-13 1.3705E-13 6.61164E-16 3.28527E-16
25 4.4E-08 0.4 0.35 0 2.30751E-08 0.4 0.35 0 0 0 5.9519E-13 -5.45468E-13 -3.40446E-13 2.89595E-13 6.61164E-16 4.60613E-16
25 4.4E-08 0.4 0.4 0 1.94747E-08 0.4 0.4 0 0 0 5.44827E-13 -5.45468E-13 -5.45468E-13 5.44827E-13 6.61164E-16 6.61164E-16
25 4.4E-08 0.4 0.45 0 1.51145E-08 0.4 0.45 0 0 0 4.83836E-13 -5.45468E-13 -8.38821E-13 8.98763E-13 6.61164E-16 1.02139E-15
25 4.4E-08 0.4 0.5 0 1.28229E-08 0.4 0.5 0 0 0 4.51781E-13 -5.45468E-13 -1.32223E-12 1.41376E-12 6.61164E-16 1.78195E-15
25 4.4E-08 0.4 0.55 0 1.31569E-08 0.4 0.55 0 0 0 4.56453E-13 -5.45468E-13 -2.18436E-12 2.2693E-12 6.61164E-16 3.56994E-15
25 4.4E-08 0.4 0.6 0 1.52254E-08 0.4 0.6 0 0 0 4.85388E-13 -5.45468E-13 -3.47813E-12 3.52943E-12 6.61164E-16 8.01622E-15
25 4.4E-08 0.4 0.65 0 1.8576E-08 0.4 0.65 0 0 0 5.32256E-13 -5.45468E-13 -5.22013E-12 5.21351E-12 6.61164E-16 1.9321E-14
25 4.4E-08 0.4 0.7 0 2.32155E-08 0.4 0.7 0 0 0 5.97154E-13 -5.45468E-13 -7.49648E-12 7.39608E-12 6.61164E-16 4.81486E-14
25 4.4E-08 0.4 0.75 0 2.92807E-08 0.4 0.75 0 0 0 6.81995E-13 -5.45468E-13 -1.04385E-11 1.01802E-11 6.61164E-16 1.21251E-13
25 4.4E-08 0.4 0.8 0 3.69754E-08 0.4 0.8 0 0 0 7.89627E-13 -5.45468E-13 -1.42375E-11 1.36878E-11 6.61164E-16 3.05135E-13
25 4.4E-08 0.45 0.05 0 1.35754E-08 0.45 0.05 0 0 0 8.49899E-13 -8.38821E-13 -2.43912E-14 1.22137E-14 1.02139E-15 2.36474E-17
25 4.4E-08 0.45 0.1 0 1.3573E-08 0.45 0.1 0 0 0 8.49821E-13 -8.38821E-13 -2.44884E-14 1.23618E-14 1.02139E-15 5.62177E-17
25 4.4E-08 0.45 0.15 0 1.33012E-08 0.45 0.15 0 0 0 8.41193E-13 -8.38821E-13 -8.04111E-15 4.52719E-15 1.02139E-15 9.98497E-17
25 4.4E-08 0.45 0.2 0 1.36153E-08 0.45 0.2 0 0 0 8.51166E-13 -8.38821E-13 -3.09562E-14 1.74236E-14 1.02139E-15 1.57141E-16
25 4.4E-08 0.45 0.25 0 1.44439E-08 0.45 0.25 0 0 0 8.77474E-13 -8.38821E-13 -9.45314E-14 5.45238E-14 1.02139E-15 2.31509E-16
25 4.4E-08 0.45 0.3 0 1.54265E-08 0.45 0.3 0 0 0 9.0867E-13 -8.38821E-13 -1.94332E-13 1.23253E-13 1.02139E-15 3.28527E-16
25 4.4E-08 0.45 0.35 0 1.5944E-08 0.45 0.35 0 0 0 9.251E-13 -8.38821E-13 -3.40446E-13 2.52629E-13 1.02139E-15 4.60613E-16
25 4.4E-08 0.45 0.4 0 1.51145E-08 0.45 0.4 0 0 0 8.98763E-13 -8.38821E-13 -5.45468E-13 4.83836E-13 1.02139E-15 6.61164E-16
25 4.4E-08 0.45 0.45 0 1.31934E-08 0.45 0.45 0 0 0 8.37771E-13 -8.38821E-13 -8.38821E-13 8.37771E-13 1.02139E-15 1.02139E-15
25 4.4E-08 0.45 0.5 0 1.19248E-08 0.45 0.5 0 0 0 7.97492E-13 -8.38821E-13 -1.32223E-12 1.361E-12 1.02139E-15 1.78195E-15
25 4.4E-08 0.45 0.55 0 1.24382E-08 0.45 0.55 0 0 0 8.13791E-13 -8.38821E-13 -2.18436E-12 2.20491E-12 1.02139E-15 3.56994E-15
25 4.4E-08 0.45 0.6 0 1.43969E-08 0.45 0.6 0 0 0 8.7598E-13 -8.38821E-13 -3.47813E-12 3.43178E-12 1.02139E-15 8.01622E-15
25 4.4E-08 0.45 0.65 0 1.75119E-08 0.45 0.65 0 0 0 9.74881E-13 -8.38821E-13 -5.22013E-12 5.06383E-12 1.02139E-15 1.9321E-14
25 4.4E-08 0.45 0.7 0 2.18156E-08 0.45 0.7 0 0 0 1.11152E-12 -8.38821E-13 -7.49648E-12 7.17465E-12 1.02139E-15 4.81486E-14
25 4.4E-08 0.45 0.75 0 2.74426E-08 0.45 0.75 0 0 0 1.29017E-12 -8.38821E-13 -1.04385E-11 9.86492E-12 1.02139E-15 1.21251E-13
25 4.4E-08 0.45 0.8 0 3.45857E-08 0.45 0.8 0 0 0 1.51697E-12 -8.38821E-13 -1.42375E-11 1.32534E-11 1.02139E-15 3.05135E-13
25 4.4E-08 0.5 0.05 0 1.14458E-08 0.5 0.05 0 0 0 1.33285E-12 -1.32223E-12 -2.43912E-14 1.2207E-14 1.78195E-15 2.36474E-17
25 4.4E-08 0.5 0.1 0 1.14447E-08 0.5 0.1 0 0 0 1.33279E-12 -1.32223E-12 -2.44884E-14 1.23373E-14 1.78195E-15 5.62177E-17
25 4.4E-08 0.5 0.15 0 1.12989E-08 0.5 0.15 0 0 0 1.32422E-12 -1.32223E-12 -8.04111E-15 4.444E-15 1.78195E-15 9.98497E-17
25 4.4E-08 0.5 0.2 0 1.14726E-08 0.5 0.2 0 0 0 1.33443E-12 -1.32223E-12 -3.09562E-14 1.71066E-14 1.78195E-15 1.57141E-16
25 4.4E-08 0.5 0.25 0 1.19369E-08 0.5 0.25 0 0 0 1.36171E-12 -1.32223E-12 -9.45314E-14 5.32376E-14 1.78195E-15 2.31509E-16
25 4.4E-08 0.5 0.3 0 1.25296E-08 0.5 0.3 0 0 0 1.39653E-12 -1.32223E-12 -1.94332E-13 1.18337E-13 1.78195E-15 3.28527E-16
25 4.4E-08 0.5 0.35 0 1.29865E-08 0.5 0.35 0 0 0 1.42338E-12 -1.32223E-12 -3.40446E-13 2.37298E-13 1.78195E-15 4.60613E-16
25 4.4E-08 0.5 0.4 0 1.28229E-08 0.5 0.4 0 0 0 1.41376E-12 -1.32223E-12 -5.45468E-13 4.51781E-13 1.78195E-15 6.61164E-16
25 4.4E-08 0.5 0.45 0 1.19248E-08 0.5 0.45 0 0 0 1.361E-12 -1.32223E-12 -8.38821E-13 7.97492E-13 1.78195E-15 1.02139E-15
25 4.4E-08 0.5 0.5 0 1.12392E-08 0.5 0.5 0 0 0 1.32072E-12 -1.32223E-12 -1.32223E-12 1.32072E-12 1.78195E-15 1.78195E-15
25 4.4E-08 0.5 0.55 0 1.18017E-08 0.5 0.55 0 0 0 1.35376E-12 -1.32223E-12 -2.18436E-12 2.14788E-12 1.78195E-15 3.56994E-15
25 4.4E-08 0.5 0.6 0 1.35628E-08 0.5 0.6 0 0 0 1.45723E-12 -1.32223E-12 -3.47813E-12 3.33347E-12 1.78195E-15 8.01622E-15
25 4.4E-08 0.5 0.65 0 1.63514E-08 0.5 0.65 0 0 0 1.62108E-12 -1.32223E-12 -5.22013E-12 4.90058E-12 1.78195E-15 1.9321E-14
25 4.4E-08 0.5 0.7 0 2.02129E-08 0.5 0.7 0 0 0 1.84796E-12 -1.32223E-12 -7.49648E-12 6.92116E-12 1.78195E-15 4.81486E-14
25 4.4E-08 0.5 0.75 0 2.52727E-08 0.5 0.75 0 0 0 2.14525E-12 -1.32223E-12 -1.04385E-11 9.49279E-12 1.78195E-15 1.21251E-13
25 4.4E-08 0.5 0.8 0 3.17067E-08 0.5 0.8 0 0 0 2.52327E-12 -1.32223E-12 -1.42375E-11 1.273E-11 1.78195E-15 3.05135E-13
25 4.4E-08 0.55 0.05 0 1.23059E-08 0.55 0.05 0 0 0 2.19306E-12 -2.18436E-12 -2.43912E-14 1.22097E-14 3.56994E-15 2.36474E-17
25 4.4E-08 0.55 0.1 0 1.23052E-08 0.55 0.1 0 0 0 2.19299E-12 -2.18436E-12 -2.44884E-14 1.23472E-14 3.56994E-15 5.62177E-17
25 4.4E-08 0.55 0.15 0 1.22092E-08 0.55 0.15 0 0 0 2.18439E-12 -2.18436E-12 -8.04111E-15 4.48182E-15 3.56994E-15 9.98497E-17
25 4.4E-08 0.55 0.2 0 1.23222E-08 0.55 0.2 0 0 0 2.19451E-12 -2.18436E-12 -3.09562E-14 1.72323E-14 3.56994E-15 1.57141E-16
25 4.4E-08 0.55 0.25 0 1.26241E-08 0.55 0.25 0 0 0 2.22156E-12 -2.18436E-12 -9.45314E-14 5.35901E-14 3.56994E-15 2.31509E-16
25 4.4E-08 0.55 0.3 0 1.30076E-08 0.55 0.3 0 0 0 2.25593E-12 -2.18436E-12 -1.94332E-13 1.19149E-13 3.56994E-15 3.28527E-16
25 4.4E-08 0.55 0.35 0 1.32983E-08 0.55 0.35 0 0 0 2.28197E-12 -2.18436E-12 -3.40446E-13 2.38914E-13 3.56994E-15 4.60613E-16
25 4.4E-08 0.55 0.4 0 1.31569E-08 0.55 0.4 0 0 0 2.2693E-12 -2.18436E-12 -5.45468E-13 4.56453E-13 3.56994E-15 6.61164E-16
25 4.4E-08 0.55 0.45 0 1.24382E-08 0.55 0.45 0 0 0 2.20491E-12 -2.18436E-12 -8.38821E-13 8.13791E-13 3.56994E-15 1.02139E-15
25 4.4E-08 0.55 0.5 0 1.18017E-08 0.55 0.5 0 0 0 2.14788E-12 -2.18436E-12 -1.32223E-12 1.35376E-12 3.56994E-15 1.78195E-15
25 4.4E-08 0.55 0.55 0 1.21705E-08 0.55 0.55 0 0 0 2.18093E-12 -2.18436E-12 -2.18436E-12 2.18093E-12 3.56994E-15 3.56994E-15
25 4.4E-08 0.55 0.6 0 1.36195E-08 0.55 0.6 0 0 0 2.31075E-12 -2.18436E-12 -3.47813E-12 3.34016E-12 3.56994E-15 8.01622E-15
25 4.4E-08 0.55 0.65 0 1.6029E-08 0.55 0.65 0 0 0 2.52664E-12 -2.18436E-12 -5.22013E-12 4.85523E-12 3.56994E-15 1.9321E-14
25 4.4E-08 0.55 0.7 0 1.94325E-08 0.55 0.7 0 0 0 2.83159E-12 -2.18436E-12 -7.49648E-12 6.79774E-12 3.56994E-15 4.81486E-14
25 4.4E-08 0.55 0.75 0 2.39344E-08 0.55 0.75 0 0 0 3.23496E-12 -2.18436E-12 -1.04385E-11 9.26329E-12 3.56994E-15 1.21251E-13
25 4.4E-08 0.55 0.8 0 2.96879E-08 0.55 0.8 0 0 0 3.75046E-12 -2.18436E-12 -1.42375E-11 1.2363E-11 3.56994E-15 3.05135E-13
25 4.4E-08 0.6 0.05 0 1.48239E-08 0.6 0.05 0 0 0 3.48211E-12 -3.47813E-12 -2.43912E-14 1.22176E-14 8.01622E-15 2.36474E-17
25 4.4E-08 0.6 0.1 0 1.48232E-08 0.6 0.1 0 0 0 3.48202E-12 -3.47813E-12 -2.44884E-14 1.23762E-14 8.01622E-15 5.62177E-17
25 4.4E-08 0.6 0.15 0 1.47496E-08 0.6 0.15 0 0 0 3.47335E-12 -3.47813E-12 -8.04111E-15 4.58737E-15 8.01622E-15 9.98497E-17
25 4.4E-08 0.6 0.2 0 1.48332E-08 0.6 0.2 0 0 0 3.4832E-12 -3.47813E-12 -3.09562E-14 1.76038E-14 8.01622E-15 1.57141E-16
25 4.4E-08 0.6 0.25 0 1.50553E-08 0.6 0.25 0 0 0 3.50938E-12 -3.47813E-12 -9.45314E-14 5.48375E-14 8.01622E-15 2.31509E-16
25 4.4E-08 0.6 0.3 0 1.53241E-08 0.6 0.3 0 0 0 3.54106E-12 -3.47813E-12 -1.94332E-13 1.23079E-13 8.01622E-15 3.28527E-16
25 4.4E-08 0.6 0.35 0 1.54823E-08 0.6 0.35 0 0 0 3.55971E-12 -3.47813E-12 -3.40446E-13 2.50235E-13 8.01622E-15 4.60613E-16
25 4.4E-08 0.6 0.4 0 1.52254E-08 0.6 0.4 0 0 0 3.52943E-12 -3.47813E-12 -5.45468E-13 4.85388E-13 8.01622E-15 6.61164E-16
25 4.4E-08 0.6 0.45 0 1.43969E-08 0.6 0.45 0 0 0 3.43178E-12 -3.47813E-12 -8.38821E-13 8.7598E-13 8.01622E-15 1.02139E-15
25 4.4E-08 0.6 0.5 0 1.35628E-08 0.6 0.5 0 0 0 3.33347E-12 -3.47813E-12 -1.32223E-12 1.45723E-12 8.01622E-15 1.78195E-15
25 4.4E-08 0.6 0.55 0 1.36195E-08 0.6 0.55 0 0 0 3.34016E-12 -3.47813E-12 -2.18436E-12 2.31075E-12 8.01622E-15 3.56994E-15
25 4.4E-08 0.6 0.6 0 1.47211E-08 0.6 0.6 0 0 0 3.46999E-12 -3.47813E-12 -3.47813E-12 3.46999E-12 8.01622E-15 8.01622E-15
25 4.4E-08 0.6 0.65 0 1.677E-08 0.6 0.65 0 0 0 3.71147E-12 -3.47813E-12 -5.22013E-12 4.95946E-12 8.01622E-15 1.9321E-14
25 4.4E-08 0.6 0.7 0 1.97781E-08 0.6 0.7 0 0 0 4.066E-12 -3.47813E-12 -7.49648E-12 6.85239E-12 8.01622E-15 4.81486E-14
25 4.4E-08 0.6 0.75 0 2.38244E-08 0.6 0.75 0 0 0 4.54289E-12 -3.47813E-12 -1.04385E-11 9.24442E-12 8.01622E-15 1.21251E-13
25 4.4E-08 0.6 0.8 0 2.90391E-08 0.6 0.8 0 0 0 5.15748E-12 -3.47813E-12 -1.42375E-11 1.22451E-11 8.01622E-15 3.05135E-13
25 4.4E-08 0.65 0.05 0 1.85728E-08 0.65 0.05 0 0 0 5.21305E-12 -5.22013E-12 -2.43912E-14 1.22295E-14 1.9321E-14 2.36474E-17
25 4.4E-08 0.65 0.1 0 1.85719E-08 0.65 0.1 0 0 0 5.21293E-12 -5.22013E-12 -2.44884E-14 1.24193E-14 1.9321E-14 5.62177E-17
25 4.4E-08 0.65 0.15 0 1.85094E-08 0.65 0.15 0 0 0 5.20414E-12 -5.22013E-12 -8.04111E-15 4.74359E-15 1.9321E-14 9.98497E-17
25 4.4E-08 0.65 0.2 0 1.85766E-08 0.65 0.2 0 0 0 5.2136E-12 -5.22013E-12 -3.09562E-14 1.81577E-14 1.9321E-14 1.57141E-16
25 4.4E-08 0.65 0.25 0 1.87532E-08 0.65 0.25 0 0 0 5.23843E-12 -5.22013E-12 -9.45314E-14 5.67347E-14 1.9321E-14 2.31509E-16
25 4.4E-08 0.65 0.3 0 1.89482E-08 0.65 0.3 0 0 0 5.26586E-12 -5.22013E-12 -1.94332E-13 1.29229E-13 1.9321E-14 3.28527E-16
25 4.4E-08 0.65 0.35 0 1.8995E-08 0.65 0.35 0 0 0 5.27245E-12 -5.22013E-12 -3.40446E-13 2.68444E-13 1.9321E-14 4.60613E-16
25 4.4E-08 0.65 0.4 0 1.8576E-08 0.65 0.4 0 0 0 5.21351E-12 -5.22013E-12 -5.45468E-13 5.32256E-13 1.9321E-14 6.61164E-16
25 4.4E-08 0.65 0.45 0 1.75119E-08 0.65 0.45 0 0 0 5.06383E-12 -5.22013E-12 -8.38821E-13 9.74881E-13 1.9321E-14 1.02139E-15
25 4.4E-08 0.65 0.5 0 1.63514E-08 0.65 0.5 0 0 0 4.90058E-12 -5.22013E-12 -1.32223E-12 1.62108E-12 1.9321E-14 1.78195E-15
25 4.4E-08 0.65 0.55 0 1.6029E-08 0.65 0.55 0 0 0 4.85523E-12 -5.22013E-12 -2.18436E-12 2.52664E-12 1.9321E-14 3.56994E-15
25 4.4E-08 0.65 0.6 0 1.677E-08 0.65 0.6 0 0 0 4.95946E-12 -5.22013E-12 -3.47813E-12 3.71147E-12 1.9321E-14 8.01622E-15
25 4.4E-08 0.65 0.65 0 1.84866E-08 0.65 0.65 0 0 0 5.20094E-12 -5.22013E-12 -5.22013E-12 5.20094E-12 1.9321E-14 1.9321E-14
25 4.4E-08 0.65 0.7 0 2.11646E-08 0.65 0.7 0 0 0 5.57765E-12 -5.22013E-12 -7.49648E-12 7.0717E-12 1.9321E-14 4.81486E-14
25 4.4E-08 0.65 0.75 0 2.48561E-08 0.65 0.75 0 0 0 6.09691E-12 -5.22013E-12 -1.04385E-11 9.42135E-12 1.9321E-14 1.21251E-13
25 4.4E-08 0.65 0.8 0 2.96689E-08 0.65 0.8 0 0 0 6.77392E-12 -5.22013E-12 -1.42375E-11 1.23596E-11 1.9321E-14 3.05135E-13
25 4.4E-08 0.7 0.05 0 2.36229E-08 0.7 0.05 0 0 0 7.4605E-12 -7.49648E-12 -2.43912E-14 1.22454E-14 4.81486E-14 2.36474E-17
25 4.4E-08 0.7 0.1 0 2.36218E-08 0.7 0.1 0 0 0 7.46034E-12 -7.49648E-12 -2.44884E-14 1.24773E-14 4.81486E-14 5.62177E-17
25 4.4E-08 0.7 0.15 0 2.35653E-08 0.7 0.15 0 0 0 7.4514E-12 -7.49648E-12 -8.04111E-15 4.95366E-15 4.81486E-14 9.98497E-17
25 4.4E-08 0.7 0.2 0 2.36217E-08 0.7 0.2 0 0 0 7.46032E-12 -7.49648E-12 -3.09562E-14 1.89042E-14 4.81486E-14 1.57141E-16
25 4.4E-08 0.7 0.25 0 2.37672E-08 0.7 0.25 0 0 0 7.48332E-12 -7.49648E-12 -9.45314E-14 5.93071E-14 4.81486E-14 2.31509E-16
25 4.4E-08 0.7 0.3 0 2.39037E-08 0.7 0.3 0 0 0 7.50492E-12 -7.49648E-12 -1.94332E-13 1.37638E-13 4.81486E-14 3.28527E-16
25 4.4E-08 0.7 0.35 0 2.38398E-08 0.7 0.35 0 0 0 7.4948E-12 -7.49648E-12 -3.40446E-13 2.93558E-13 4.81486E-14 4.60613E-16
25 4.4E-08 0.7 0.4 0 2.32155E-08 0.7 0.4 0 0 0 7.39608E-12 -7.49648E-12 -5.45468E-13 5.97154E-13 4.81486E-14 6.61164E-16
25 4.4E-08 0.7 0.45 0 2.18156E-08 0.7 0.45 0 0 0 7.17465E-12 -7.49648E-12 -8.38821E-13 1.11152E-12 4.81486E-14 1.02139E-15
25 4.4E-08 0.7 0.5 0 2.02129E-08 0.7 0.5 0 0 0 6.92116E-12 -7.49648E-12 -1.32223E-12 1.84796E-12 4.81486E-14 1.78195E-15
25 4.4E-08 0.7 0.55 0 1.94325E-08 0.7 0.55 0 0 0 6.79774E-12 -7.49648E-12 -2.18436E-12 2.83159E-12 4.81486E-14 3.56994E-15
25 4.4E-08 0.7 0.6 0 1.97781E-08 0.7 0.6 0 0 0 6.85239E-12 -7.49648E-12 -3.47813E-12 4.066E-12 4.81486E-14 8.01622E-15
25 4.4E-08 0.7 0.65 0 2.11646E-08 0.7 0.65 0 0 0 7.0717E-12 -7.49648E-12 -5.22013E-12 5.57765E-12 4.81486E-14 1.9321E-14
25 4.4E-08 0.7 0.7 0 2.35464E-08 0.7 0.7 0 0 0 7.4484E-12 -7.49648E-12 -7.49648E-12 7.4484E-12 4.81486E-14 4.81486E-14
25 4.4E-08 0.7 0.75 0 2.69456E-08 0.7 0.75 0 0 0 7.98604E-12 -7.49648E-12 -1.04385E-11 9.77969E-12 4.81486E-14 1.21251E-13
25 4.4E-08 0.7 0.8 0 3.14475E-08 0.7 0.8 0 0 0 8.69808E-12 -7.49648E-12 -1.42375E-11 1.26829E-11 4.81486E-14 3.05135E-13
25 4.4E-08 0.75 0.05 0 3.0151E-08 0.75 0.05 0 0 0 1.03294E-11 -1.04385E-11 -2.43912E-14 1.2266E-14 1.21251E-13 2.36474E-17
25 4.4E-08 0.75 0.1 0 3.01497E-08 0.75 0.1 0 0 0 1.03292E-11 -1.04385E-11 -2.44884E-14 1.25524E-14 1.21251E-13 5.62177E-17
25 4.4E-08 0.75 0.15 0 3.00965E-08 0.75 0.15 0 0 0 1.032E-11 -1.04385E-11 -8.04111E-15 5.22503E-15 1.21251E-13 9.98497E-17
25 4.4E-08 0.75 0.2 0 3.01444E-08 0.75 0.2 0 0 0 1.03283E-11 -1.04385E-11 -3.09562E-14 1.98694E-14 1.21251E-13 1.57141E-16
25 4.4E-08 0.75 0.25 0 3.02648E-08 0.75 0.25 0 0 0 1.03489E-11 -1.04385E-11 -9.45314E-14 6.26407E-14 1.21251E-13 2.31509E-16
25 4.4E-08 0.75 0.3 0 3.03464E-08 0.75 0.3 0 0 0 1.03629E-11 -1.04385E-11 -1.94332E-13 1.48571E-13 1.21251E-13 3.28527E-16
25 4.4E-08 0.75 0.35 0 3.01601E-08 0.75 0.35 0 0 0 1.0331E-11 -1.04385E-11 -3.40446E-13 3.26321E-13 1.21251E-13 4.60613E-16
25 4.4E-08 0.75 0.4 0 2.92807E-08 0.75 0.4 0 0 0 1.01802E-11 -1.04385E-11 -5.45468E-13 6.81995E-13 1.21251E-13 6.61164E-16
25 4.4E-08 0.75 0.45 0 2.74426E-08 0.75 0.45 0 0 0 9.86492E-12 -1.04385E-11 -8.38821E-13 1.29017E-12 1.21251E-13 1.02139E-15
25 4.4E-08 0.75 0.5 0 2.52727E-08 0.75 0.5 0 0 0 9.49279E-12 -1.04385E-11 -1.32223E-12 2.14525E-12 1.21251E-13 1.78195E-15
25 4.4E-08 0.75 0.55 0 2.39344E-08 0.75 0.55 0 0 0 9.26329E-12 -1.04385E-11 -2.18436E-12 3.23496E-12 1.21251E-13 3.56994E-15
25 4.4E-08 0.75 0.6 0 2.38244E-08 0.75 0.6 0 0 0 9.24442E-12 -1.04385E-11 -3.47813E-12 4.54289E-12 1.21251E-13 8.01622E-15
25 4.4E-08 0.75 0.65 0 2.48561E-08 0.75 0.65 0 0 0 9.42135E-12 -1.04385E-11 -5.22013E-12 6.09691E-12 1.21251E-13 1.9321E-14
25 4.4E-08 0.75 0.7 0 2.69456E-08 0.75 0.7 0 0 0 9.77969E-12 -1.04385E-11 -7.49648E-12 7.98604E-12 1.21251E-13 4.81486E-14
25 4.4E-08 0.75 0.75 0 3.00806E-08 0.75 0.75 0 0 0 1.03173E-11 -1.04385E-11 -1.04385E-11 1.03173E-11 1.21251E-13 1.21251E-13
25 4.4E-08 0.75 0.8 0 3.43213E-08 0.75 0.8 0 0 0 1.10446E-11 -1.04385E-11 -1.42375E-11 1.32053E-11 1.21251E-13 3.05135E-13
25 4.4E-08 0.8 0.05 0 3.83883E-08 0.8 0.05 0 0 0 1.39446E-11 -1.42375E-11 -2.43912E-14 1.2292E-14 3.05135E-13 2.36474E-17
25 4.4E-08 0.8 0.1 0 3.83868E-08 0.8 0.1 0 0 0 1.39443E-11 -1.42375E-11 -2.44884E-14 1.26471E-14 3.05135E-13 5.62177E-17
25 4.4E-08 0.8 0.15 0 3.83351E-08 0.8 0.15 0 0 0 1.3935E-11 -1.42375E-11 -8.04111E-15 5.56734E-15 3.05135E-13 9.98497E-17
25 4.4E-08 0.8 0.2 0 3.83756E-08 0.8 0.2 0 0 0 1.39423E-11 -1.42375E-11 -3.09562E-14 2.10873E-14 3.05135E-13 1.57141E-16
25 4.4E-08 0.8 0.25 0 3.84726E-08 0.8 0.25 0 0 0 1.39599E-11 -1.42375E-11 -9.45314E-14 6.68517E-14 3.05135E-13 2.31509E-16
25 4.4E-08 0.8 0.3 0 3.84967E-08 0.8 0.3 0 0 0 1.39643E-11 -1.42375E-11 -1.94332E-13 1.62401E-13 3.05135E-13 3.28527E-16
25 4.4E-08 0.8 0.35 0 3.81687E-08 0.8 0.35 0 0 0 1.39047E-11 -1.42375E-11 -3.40446E-13 3.67836E-13 3.05135E-13 4.60613E-16
25 4.4E-08 0.8 0.4 0 3.69754E-08 0.8 0.4 0 0 0 1.36878E-11 -1.42375E-11 -5.45468E-13 7.89627E-13 3.05135E-13 6.61164E-16
25 4.4E-08 0.8 0.45 0 3.45857E-08 0.8 0.45 0 0 0 1.32534E-11 -1.42375E-11 -8.38821E-13 1.51697E-12 3.05135E-13 1.02139E-15
25 4.4E-08 0.8 0.5 0 3.17067E-08 0.8 0.5 0 0 0 1.273E-11 -1.42375E-11 -1.32223E-12 2.52327E-12 3.05135E-13 1.78195E-15
25 4.4E-08 0.8 0.55 0 2.96879E-08 0.8 0.55 0 0 0 1.2363E-11 -1.42375E-11 -2.18436E-12 3.75046E-12 3.05135E-13 3.56994E-15
25 4.4E-08 0.8 0.6 0 2.90391E-08 0.8 0.6 0 0 0 1.22451E-11 -1.42375E-11 -3.47813E-12 5.15748E-12 3.05135E-13 8.01622E-15
25 4.4E-08 0.8 0.65 0 2.96689E-08 0.8 0.65 0 0 0 1.23596E-11 -1.42375E-11 -5.22013E-12 6.77392E-12 3.05135E-13 1.9321E-14
25 4.4E-08 0.8 0.7 0 3.14475E-08 0.8 0.7 0 0 0 1.26829E-11 -1.42375E-11 -7.49648E-12 8.69808E-12 3.05135E-13 4.81486E-14
25 4.4E-08 0.8 0.75 0 3.43213E-08 0.8 0.75 0 0 0 1.32053E-11 -1.42375E-11 -1.04385E-11 1.10446E-11 3.05135E-13 1.21251E-13
25 4.4E-08 0.8 0.8 0 3.8322E-08 0.8 0.8 0 0 0 1.39326E-11 -1.42375E-11 -1.42375E-11 1.39326E-11 3.05135E-13 3.05135E-13
