
25 6.6E-08 0.05 0.05 0 3.85437E-06 0.05 0.05 0 0 0 4.00915E-14 -4.01355E-14 -4.01355E-14 4.00915E-14 3.89496E-17 3.89496E-17
25 6.6E-08 0.05 0.1 0 1.66288E-06 0.05 0.1 0 0 0 2.86944E-14 -4.01355E-14 -4.02935E-14 5.16049E-14 3.8949E-17 9.25943E-17
25 6.6E-08 0.05 0.15 0 3.61019E-07 0.05 0.15 0 0 0 2.19237E-14 -4.01355E-14 -1.32499E-14 3.12611E-14 3.89487E-17 1.64458E-16
25 6.6E-08 0.05 0.2 0 1.82444E-07 0.05 0.2 0 0 0 2.09949E-14 -4.01355E-14 -5.10651E-14 6.98563E-14 3.89487E-17 2.5882E-16
25 6.6E-08 0.05 0.25 0 1.14827E-07 0.05 0.25 0 0 0 2.06433E-14 -4.01355E-14 -1.55605E-13 1.74646E-13 3.89487E-17 3.81308E-16
25 6.6E-08 0.05 0.3 0 6.42797E-08 0.05 0.3 0 0 0 2.03804E-14 -4.01355E-14 -3.20295E-13 3.39491E-13 3.89487E-17 5.41103E-16
25 6.6E-08 0.05 0.35 0 3.51759E-08 0.05 0.35 0 0 0 2.0229E-14 -4.01355E-14 -5.60635E-13 5.79793E-13 3.89487E-17 7.58656E-16
25 6.6E-08 0.05 0.4 0 2.0443E-08 0.05 0.4 0 0 0 2.01524E-14 -4.01355E-14 -8.98453E-13 9.17302E-13 3.89487E-17 1.08898E-15
25 6.6E-08 0.05 0.45 0 1.37332E-08 0.05 0.45 0 0 0 2.01175E-14 -4.01355E-14 -1.38158E-12 1.39983E-12 3.89487E-17 1.68228E-15
25 6.6E-08 0.05 0.5 0 1.16877E-08 0.05 0.5 0 0 0 2.01069E-14 -4.01355E-14 -2.17827E-12 2.19528E-12 3.89487E-17 2.93498E-15
25 6.6E-08 0.05 0.55 0 1.26939E-08 0.05 0.55 0 0 0 2.01121E-14 -4.01355E-14 -3.59807E-12 3.61209E-12 3.89487E-17 5.8799E-15
25 6.6E-08 0.05 0.6 0 1.54277E-08 0.05 0.6 0 0 0 2.01263E-14 -4.01355E-14 -5.72852E-12 5.73524E-12 3.89487E-17 1.32032E-14
25 6.6E-08 0.05 0.65 0 1.9464E-08 0.05 0.65 0 0 0 2.01473E-14 -4.01355E-14 -8.59794E-12 8.5862E-12 3.89487E-17 3.18228E-14
25 6.6E-08 0.05 0.7 0 2.48859E-08 0.05 0.7 0 0 0 2.01755E-14 -4.01355E-14 -1.23473E-11 1.22879E-11 3.89487E-17 7.93035E-14
25 6.6E-08 0.05 0.75 0 3.18876E-08 0.05 0.75 0 0 0 2.02119E-14 -4.01355E-14 -1.71931E-11 1.70131E-11 3.89487E-17 1.99708E-13
25 6.6E-08 0.05 0.8 0 4.07207E-08 0.05 0.8 0 0 0 2.02579E-14 -4.01355E-14 -2.34502E-11 2.29676E-11 3.89487E-17 5.02575E-13
25 6.6E-08 0.1 0.05 0 1.66288E-06 0.1 0.05 0 0 0 5.16049E-14 -4.02935E-14 -4.01355E-14 2.86944E-14 9.25943E-17 3.8949E-17
25 6.6E-08 0.1 0.1 0 1.06122E-06 0.1 0.1 0 0 0 4.02072E-14 -4.02935E-14 -4.02935E-14 4.02072E-14 9.25941E-17 9.25941E-17
25 6.6E-08 0.1 0.15 0 3.04911E-07 0.1 0.15 0 0 0 2.58798E-14 -4.02935E-14 -1.32499E-14 2.742E-14 9.2594E-17 1.64458E-16
25 6.6E-08 0.1 0.2 0 1.73119E-07 0.1 0.2 0 0 0 2.33831E-14 -4.02935E-14 -5.10651E-14 6.75831E-14 9.25939E-17 2.5882E-16
25 6.6E-08 0.1 0.25 0 1.13067E-07 0.1 0.25 0 0 0 2.22455E-14 -4.02935E-14 -1.55605E-13 1.73158E-13 9.25939E-17 3.81308E-16
25 6.6E-08 0.1 0.3 0 6.39861E-08 0.1 0.3 0 0 0 2.13157E-14 -4.02935E-14 -3.20295E-13 3.3867E-13 9.25939E-17 5.41103E-16
25 6.6E-08 0.1 0.35 0 3.5126E-08 0.1 0.35 0 0 0 2.0769E-14 -4.02935E-14 -5.60635E-13 5.79368E-13 9.25939E-17 7.58656E-16
25 6.6E-08 0.1 0.4 0 2.04332E-08 0.1 0.4 0 0 0 2.04906E-14 -4.02935E-14 -8.98453E-13 9.17079E-13 9.25939E-17 1.08898E-15
25 6.6E-08 0.1 0.45 0 1.37306E-08 0.1 0.45 0 0 0 2.03637E-14 -4.02935E-14 -1.38158E-12 1.3997E-12 9.25939E-17 1.68228E-15
25 6.6E-08 0.1 0.5 0 1.16866E-08 0.1 0.5 0 0 0 2.03249E-14 -4.02935E-14 -2.17827E-12 2.19518E-12 9.25939E-17 2.93498E-15
25 6.6E-08 0.1 0.55 0 1.26931E-08 0.1 0.55 0 0 0 2.0344E-14 -4.02935E-14 -3.59807E-12 3.61198E-12 9.25939E-17 5.8799E-15
25 6.6E-08 0.1 0.6 0 1.54269E-08 0.1 0.6 0 0 0 2.03958E-14 -4.02935E-14 -5.72852E-12 5.73509E-12 9.25939E-17 1.32032E-14
25 6.6E-08 0.1 0.65 0 1.9463E-08 0.1 0.65 0 0 0 2.04722E-14 -4.02935E-14 -8.59794E-12 8.58599E-12 9.25939E-17 3.18228E-14
25 6.6E-08 0.1 0.7 0 2.48847E-08 0.1 0.7 0 0 0 2.0575E-14 -4.02935E-14 -1.23473E-11 1.22876E-11 9.25939E-17 7.93035E-14
25 6.6E-08 0.1 0.75 0 3.18861E-08 0.1 0.75 0 0 0 2.07076E-14 -4.02935E-14 -1.71931E-11 1.70127E-11 9.25939E-17 1.99708E-13
25 6.6E-08 0.1 0.8 0 4.07189E-08 0.1 0.8 0 0 0 2.08749E-14 -4.02935E-14 -2.34502E-11 2.29671E-11 9.25939E-17 5.02575E-13
25 6.6E-08 0.15 0.05 0 3.61019E-07 0.15 0.05 0 0 0 3.12611E-14 -1.32499E-14 -4.01355E-14 2.19237E-14 1.64458E-16 3.89487E-17
25 6.6E-08 0.15 0.1 0 3.04911E-07 0.15 0.1 0 0 0 2.742E-14 -1.32499E-14 -4.02935E-14 2.58798E-14 1.64458E-16 9.2594E-17
25 6.6E-08 0.15 0.15 0 9.56244E-08 0.15 0.15 0 0 0 1.30926E-14 -1.32499E-14 -1.32499E-14 1.30926E-14 1.64458E-16 1.64458E-16
25 6.6E-08 0.15 0.2 0 1.02247E-07 0.15 0.2 0 0 0 1.3546E-14 -1.32499E-14 -5.10651E-14 5.03057E-14 1.64458E-16 2.5882E-16
25 6.6E-08 0.15 0.25 0 9.21003E-08 0.15 0.25 0 0 0 1.28514E-14 -1.32499E-14 -1.55605E-13 1.55438E-13 1.64458E-16 3.81308E-16
25 6.6E-08 0.15 0.3 0 5.81431E-08 0.15 0.3 0 0 0 1.05267E-14 -1.32499E-14 -3.20295E-13 3.22345E-13 1.64458E-16 5.41103E-16
25 6.6E-08 0.15 0.35 0 3.33457E-08 0.15 0.35 0 0 0 8.82909E-15 -1.32499E-14 -5.60635E-13 5.64194E-13 1.64458E-16 7.58656E-16
25 6.6E-08 0.15 0.4 0 1.97996E-08 0.15 0.4 0 0 0 7.90174E-15 -1.32499E-14 -8.98453E-13 9.02553E-13 1.64458E-16 1.08898E-15
25 6.6E-08 0.15 0.45 0 1.34556E-08 0.15 0.45 0 0 0 7.46744E-15 -1.32499E-14 -1.38158E-12 1.38548E-12 1.64458E-16 1.68228E-15
25 6.6E-08 0.15 0.5 0 1.15376E-08 0.15 0.5 0 0 0 7.33614E-15 -1.32499E-14 -2.17827E-12 2.18105E-12 1.64458E-16 2.93498E-15
25 6.6E-08 0.15 0.55 0 1.2594E-08 0.15 0.55 0 0 0 7.40846E-15 -1.32499E-14 -3.59807E-12 3.5978E-12 1.64458E-16 5.8799E-15
25 6.6E-08 0.15 0.6 0 1.53501E-08 0.15 0.6 0 0 0 7.59714E-15 -1.32499E-14 -5.72852E-12 5.72077E-12 1.64458E-16 1.32032E-14
25 6.6E-08 0.15 0.65 0 1.93974E-08 0.15 0.65 0 0 0 7.87421E-15 -1.32499E-14 -8.59794E-12 8.57147E-12 1.64458E-16 3.18228E-14
25 6.6E-08 0.15 0.7 0 2.48249E-08 0.15 0.7 0 0 0 8.24577E-15 -1.32499E-14 -1.23473E-11 1.22728E-11 1.64458E-16 7.93035E-14
25 6.6E-08 0.15 0.75 0 3.18295E-08 0.15 0.75 0 0 0 8.72529E-15 -1.32499E-14 -1.71931E-11 1.69976E-11 1.64458E-16 1.99708E-13
25 6.6E-08 0.15 0.8 0 4.06637E-08 0.15 0.8 0 0 0 9.33007E-15 -1.32499E-14 -2.34502E-11 2.29515E-11 1.64458E-16 5.02575E-13
25 6.6E-08 0.2 0.05 0 1.82444E-07 0.2 0.05 0 0 0 6.98563E-14 -5.10651E-14 -4.01355E-14 2.09949E-14 2.5882E-16 3.89487E-17
25 6.6E-08 0.2 0.1 0 1.73119E-07 0.2 0.1 0 0 0 6.75831E-14 -5.10651E-14 -4.02935E-14 2.33831E-14 2.5882E-16 9.25939E-17
25 6.6E-08 0.2 0.15 0 1.02247E-07 0.2 0.15 0 0 0 5.03057E-14 -5.10651E-14 -1.32499E-14 1.3546E-14 2.5882E-16 1.64458E-16
25 6.6E-08 0.2 0.2 0 1.04107E-07 0.2 0.2 0 0 0 5.07591E-14 -5.10651E-14 -5.10651E-14 5.07591E-14 2.5882E-16 2.5882E-16
25 6.6E-08 0.2 0.25 0 9.45668E-08 0.2 0.25 0 0 0 4.84334E-14 -5.10651E-14 -1.55605E-13 1.57523E-13 2.5882E-16 3.81308E-16
25 6.6E-08 0.2 0.3 0 6.09871E-08 0.2 0.3 0 0 0 4.02472E-14 -5.10651E-14 -3.20295E-13 3.30291E-13 2.5882E-16 5.41103E-16
25 6.6E-08 0.2 0.35 0 3.4827E-08 0.2 0.35 0 0 0 3.38698E-14 -5.10651E-14 -5.60635E-13 5.76819E-13 2.5882E-16 7.58656E-16
25 6.6E-08 0.2 0.4 0 2.04627E-08 0.2 0.4 0 0 0 3.03681E-14 -5.10651E-14 -8.98453E-13 9.17753E-13 2.5882E-16 1.08898E-15
25 6.6E-08 0.2 0.45 0 1.37728E-08 0.2 0.45 0 0 0 2.87372E-14 -5.10651E-14 -1.38158E-12 1.40188E-12 2.5882E-16 1.68228E-15
25 6.6E-08 0.2 0.5 0 1.17145E-08 0.2 0.5 0 0 0 2.82354E-14 -5.10651E-14 -2.17827E-12 2.19782E-12 2.5882E-16 2.93498E-15
25 6.6E-08 0.2 0.55 0 1.271E-08 0.2 0.55 0 0 0 2.84781E-14 -5.10651E-14 -3.59807E-12 3.61439E-12 2.5882E-16 5.8799E-15
25 6.6E-08 0.2 0.6 0 1.54366E-08 0.2 0.6 0 0 0 2.91428E-14 -5.10651E-14 -5.72852E-12 5.73689E-12 2.5882E-16 1.32032E-14
25 6.6E-08 0.2 0.65 0 1.94671E-08 0.2 0.65 0 0 0 3.01254E-14 -5.10651E-14 -8.59794E-12 8.58689E-12 2.5882E-16 3.18228E-14
25 6.6E-08 0.2 0.7 0 2.48834E-08 0.2 0.7 0 0 0 3.14458E-14 -5.10651E-14 -1.23473E-11 1.22873E-11 2.5882E-16 7.93035E-14
25 6.6E-08 0.2 0.75 0 3.1879E-08 0.2 0.75 0 0 0 3.31512E-14 -5.10651E-14 -1.71931E-11 1.70108E-11 2.5882E-16 1.99708E-13
25 6.6E-08 0.2 0.8 0 4.07052E-08 0.2 0.8 0 0 0 3.53028E-14 -5.10651E-14 -2.34502E-11 2.29632E-11 2.5882E-16 5.02575E-13
25 6.6E-08 0.25 0.05 0 1.14827E-07 0.25 0.05 0 0 0 1.74646E-13 -1.55605E-13 -4.01355E-14 2.06433E-14 3.81308E-16 3.89487E-17
25 6.6E-08 0.25 0.1 0 1.13067E-07 0.25 0.1 0 0 0 1.73158E-13 -1.55605E-13 -4.02935E-14 2.22455E-14 3.81308E-16 9.25939E-17
25 6.6E-08 0.25 0.15 0 9.21003E-08 0.25 0.15 0 0 0 1.55438E-13 -1.55605E-13 -1.32499E-14 1.28514E-14 3.81308E-16 1.64458E-16
25 6.6E-08 0.25 0.2 0 9.45668E-08 0.25 0.2 0 0 0 1.57523E-13 -1.55605E-13 -5.10651E-14 4.84334E-14 3.81308E-16 2.5882E-16
25 6.6E-08 0.25 0.25 0 9.18149E-08 0.25 0.25 0 0 0 1.55197E-13 -1.55605E-13 -1.55605E-13 1.55197E-13 3.81308E-16 3.81308E-16
25 6.6E-08 0.25 0.3 0 6.52579E-08 0.25 0.3 0 0 0 1.32752E-13 -1.55605E-13 -3.20295E-13 3.42224E-13 3.81308E-16 5.41103E-16
25 6.6E-08 0.25 0.35 0 3.81652E-08 0.25 0.35 0 0 0 1.09854E-13 -1.55605E-13 -5.60635E-13 6.05273E-13 3.81308E-16 7.58656E-16
25 6.6E-08 0.25 0.4 0 2.21419E-08 0.25 0.4 0 0 0 9.63119E-14 -1.55605E-13 -8.98453E-13 9.56247E-13 3.81308E-16 1.08898E-15
25 6.6E-08 0.25 0.45 0 1.46091E-08 0.25 0.45 0 0 0 8.99455E-14 -1.55605E-13 -1.38158E-12 1.44511E-12 3.81308E-16 1.68228E-15
25 6.6E-08 0.25 0.5 0 1.2187E-08 0.25 0.5 0 0 0 8.78984E-14 -1.55605E-13 -2.17827E-12 2.2426E-12 3.81308E-16 2.93498E-15
25 6.6E-08 0.25 0.55 0 1.30197E-08 0.25 0.55 0 0 0 8.86023E-14 -1.55605E-13 -3.59807E-12 3.65871E-12 3.81308E-16 5.8799E-15
25 6.6E-08 0.25 0.6 0 1.56657E-08 0.25 0.6 0 0 0 9.08385E-14 -1.55605E-13 -5.72852E-12 5.77964E-12 3.81308E-16 1.32032E-14
25 6.6E-08 0.25 0.65 0 1.96497E-08 0.25 0.65 0 0 0 9.42056E-14 -1.55605E-13 -8.59794E-12 8.62724E-12 3.81308E-16 3.18228E-14
25 6.6E-08 0.25 0.7 0 2.50336E-08 0.25 0.7 0 0 0 9.87559E-14 -1.55605E-13 -1.23473E-11 1.23244E-11 3.81308E-16 7.93035E-14
25 6.6E-08 0.25 0.75 0 3.20024E-08 0.25 0.75 0 0 0 1.04646E-13 -1.55605E-13 -1.71931E-11 1.70438E-11 3.81308E-16 1.99708E-13
25 6.6E-08 0.25 0.8 0 4.08031E-08 0.25 0.8 0 0 0 1.12084E-13 -1.55605E-13 -2.34502E-11 2.29909E-11 3.81308E-16 5.02575E-13
25 6.6E-08 0.3 0.05 0 6.42797E-08 0.3 0.05 0 0 0 3.39491E-13 -3.20295E-13 -4.01355E-14 2.03804E-14 5.41103E-16 3.89487E-17
25 6.6E-08 0.3 0.1 0 6.39861E-08 0.3 0.1 0 0 0 3.3867E-13 -3.20295E-13 -4.02935E-14 2.13157E-14 5.41103E-16 9.25939E-17
25 6.6E-08 0.3 0.15 0 5.81431E-08 0.3 0.15 0 0 0 3.22345E-13 -3.20295E-13 -1.32499E-14 1.05267E-14 5.41103E-16 1.64458E-16
25 6.6E-08 0.3 0.2 0 6.09871E-08 0.3 0.2 0 0 0 3.30291E-13 -3.20295E-13 -5.10651E-14 4.02472E-14 5.41103E-16 2.5882E-16
25 6.6E-08 0.3 0.25 0 6.52579E-08 0.3 0.25 0 0 0 3.42224E-13 -3.20295E-13 -1.55605E-13 1.32752E-13 5.41103E-16 3.81308E-16
25 6.6E-08 0.3 0.3 0 5.72248E-08 0.3 0.3 0 0 0 3.19779E-13 -3.20295E-13 -3.20295E-13 3.19779E-13 5.41103E-16 5.41103E-16
25 6.6E-08 0.3 0.35 0 3.88642E-08 0.3 0.35 0 0 0 2.68478E-13 -3.20295E-13 -5.60635E-13 6.11231E-13 5.41102E-16 7.58656E-16
25 6.6E-08 0.3 0.4 0 2.36638E-08 0.3 0.4 0 0 0 2.26008E-13 -3.20295E-13 -8.98453E-13 9.91134E-13 5.41102E-16 1.08898E-15
25 6.6E-08 0.3 0.45 0 1.55968E-08 0.3 0.45 0 0 0 2.03468E-13 -3.20295E-13 -1.38158E-12 1.49617E-12 5.41102E-16 1.68228E-15
25 6.6E-08 0.3 0.5 0 1.2787E-08 0.3 0.5 0 0 0 1.95617E-13 -3.20295E-13 -2.17827E-12 2.29946E-12 5.41102E-16 2.93498E-15
25 6.6E-08 0.3 0.55 0 1.341E-08 0.3 0.55 0 0 0 1.97358E-13 -3.20295E-13 -3.59807E-12 3.71453E-12 5.41102E-16 5.8799E-15
25 6.6E-08 0.3 0.6 0 1.59391E-08 0.3 0.6 0 0 0 2.04424E-13 -3.20295E-13 -5.72852E-12 5.83063E-12 5.41102E-16 1.32032E-14
25 6.6E-08 0.3 0.65 0 1.98462E-08 0.3 0.65 0 0 0 2.15341E-13 -3.20295E-13 -8.59794E-12 8.67069E-12 5.41102E-16 3.18228E-14
25 6.6E-08 0.3 0.7 0 2.51676E-08 0.3 0.7 0 0 0 2.30209E-13 -3.20295E-13 -1.23473E-11 1.23575E-11 5.41102E-16 7.93035E-14
25 6.6E-08 0.3 0.75 0 3.20762E-08 0.3 0.75 0 0 0 2.49512E-13 -3.20295E-13 -1.71931E-11 1.70635E-11 5.41102E-16 1.99708E-13
25 6.6E-08 0.3 0.8 0 4.08129E-08 0.3 0.8 0 0 0 2.73923E-13 -3.20295E-13 -2.34502E-11 2.29936E-11 5.41103E-16 5.02575E-13
25 6.6E-08 0.35 0.05 0 3.51759E-08 0.35 0.05 0 0 0 5.79793E-13 -5.60635E-13 -4.01355E-14 2.0229E-14 7.58656E-16 3.89487E-17
25 6.6E-08 0.35 0.1 0 3.5126E-08 0.35 0.1 0 0 0 5.79368E-13 -5.60635E-13 -4.02935E-14 2.0769E-14 7.58656E-16 9.25939E-17
25 6.6E-08 0.35 0.15 0 3.33457E-08 0.35 0.15 0 0 0 5.64194E-13 -5.60635E-13 -1.32499E-14 8.82909E-15 7.58656E-16 1.64458E-16
25 6.6E-08 0.35 0.2 0 3.4827E-08 0.35 0.2 0 0 0 5.76819E-13 -5.60635E-13 -5.10651E-14 3.38698E-14 7.58656E-16 2.5882E-16
25 6.6E-08 0.35 0.25 0 3.81652E-08 0.35 0.25 0 0 0 6.05273E-13 -5.60635E-13 -1.55605E-13 1.09854E-13 7.58656E-16 3.81308E-16
25 6.6E-08 0.35 0.3 0 3.88642E-08 0.35 0.3 0 0 0 6.11231E-13 -5.60635E-13 -3.20295E-13 2.68478E-13 7.58656E-16 5.41102E-16
25 6.6E-08 0.35 0.35 0 3.28455E-08 0.35 0.35 0 0 0 5.5993E-13 -5.60635E-13 -5.60635E-13 5.5993E-13 7.58656E-16 7.58656E-16
25 6.6E-08 0.35 0.4 0 2.31706E-08 0.35 0.4 0 0 0 4.77464E-13 -5.60635E-13 -8.98453E-13 9.79828E-13 7.58656E-16 1.08898E-15
25 6.6E-08 0.35 0.45 0 1.61069E-08 0.35 0.45 0 0 0 4.17255E-13 -5.60635E-13 -1.38158E-12 1.52253E-12 7.58656E-16 1.68228E-15
25 6.6E-08 0.35 0.5 0 1.32402E-08 0.35 0.5 0 0 0 3.9282E-13 -5.60635E-13 -2.17827E-12 2.34241E-12 7.58656E-16 2.93498E-15
25 6.6E-08 0.35 0.55 0 1.36952E-08 0.35 0.55 0 0 0 3.96699E-13 -5.60635E-13 -3.59807E-12 3.75534E-12 7.58656E-16 5.8799E-15
25 6.6E-08 0.35 0.6 0 1.60865E-08 0.35 0.6 0 0 0 4.17082E-13 -5.60635E-13 -5.72852E-12 5.85813E-12 7.58656E-16 1.32032E-14
25 6.6E-08 0.35 0.65 0 1.98739E-08 0.35 0.65 0 0 0 4.49364E-13 -5.60635E-13 -8.59794E-12 8.67682E-12 7.58656E-16 3.18228E-14
25 6.6E-08 0.35 0.7 0 2.50733E-08 0.35 0.7 0 0 0 4.93682E-13 -5.60635E-13 -1.23473E-11 1.23342E-11 7.58656E-16 7.93035E-14
25 6.6E-08 0.35 0.75 0 3.1845E-08 0.35 0.75 0 0 0 5.51402E-13 -5.60635E-13 -1.71931E-11 1.70018E-11 7.58656E-16 1.99708E-13
25 6.6E-08 0.35 0.8 0 4.04216E-08 0.35 0.8 0 0 0 6.24506E-13 -5.60635E-13 -2.34502E-11 2.28832E-11 7.58656E-16 5.02575E-13
25 6.6E-08 0.4 0.05 0 2.0443E-08 0.4 0.05 0 0 0 9.17302E-13 -8.98453E-13 -4.01355E-14 2.01524E-14 1.08898E-15 3.89487E-17
25 6.6E-08 0.4 0.1 0 2.04332E-08 0.4 0.1 0 0 0 9.17079E-13 -8.98453E-13 -4.02935E-14 2.04906E-14 1.08898E-15 9.25939E-17
25 6.6E-08 0.4 0.15 0 1.97996E-08 0.4 0.15 0 0 0 9.02553E-13 -8.98453E-13 -1.32499E-14 7.90174E-15 1.08898E-15 1.64458E-16
25 6.6E-08 0.4 0.2 0 2.04627E-08 0.4 0.2 0 0 0 9.17753E-13 -8.98453E-13 -5.10651E-14 3.03681E-14 1.08898E-15 2.5882E-16
25 6.6E-08 0.4 0.25 0 2.21419E-08 0.4 0.25 0 0 0 9.56247E-13 -8.98453E-13 -1.55605E-13 9.63119E-14 1.08898E-15 3.81308E-16
25 6.6E-08 0.4 0.3 0 2.36638E-08 0.4 0.3 0 0 0 9.91134E-13 -8.98453E-13 -3.20295E-13 2.26008E-13 1.08898E-15 5.41102E-16
25 6.6E-08 0.4 0.35 0 2.31706E-08 0.4 0.35 0 0 0 9.79828E-13 -8.98453E-13 -5.60635E-13 4.77464E-13 1.08898E-15 7.58656E-16
25 6.6E-08 0.4 0.4 0 1.95731E-08 0.4 0.4 0 0 0 8.97362E-13 -8.98453E-13 -8.98453E-13 8.97362E-13 1.08898E-15 1.08898E-15
25 6.6E-08 0.4 0.45 0 1.52596E-08 0.4 0.45 0 0 0 7.98483E-13 -8.98453E-13 -1.38158E-12 1.47874E-12 1.08898E-15 1.68228E-15
25 6.6E-08 0.4 0.5 0 1.30538E-08 0.4 0.5 0 0 0 7.47917E-13 -8.98453E-13 -2.17827E-12 2.32474E-12 1.08898E-15 2.93498E-15
25 6.6E-08 0.4 0.55 0 1.35236E-08 0.4 0.55 0 0 0 7.58687E-13 -8.98453E-13 -3.59807E-12 3.73079E-12 1.08898E-15 5.8799E-15
25 6.6E-08 0.4 0.6 0 1.57861E-08 0.4 0.6 0 0 0 8.10551E-13 -8.98453E-13 -5.72852E-12 5.80209E-12 1.08898E-15 1.32032E-14
25 6.6E-08 0.4 0.65 0 1.93925E-08 0.4 0.65 0 0 0 8.93222E-13 -8.98453E-13 -8.59794E-12 8.57039E-12 1.08898E-15 3.18228E-14
25 6.6E-08 0.4 0.7 0 2.43615E-08 0.4 0.7 0 0 0 1.00713E-12 -8.98453E-13 -1.23473E-11 1.21582E-11 1.08898E-15 7.93035E-14
25 6.6E-08 0.4 0.75 0 3.08456E-08 0.4 0.75 0 0 0 1.15577E-12 -8.98453E-13 -1.71931E-11 1.67348E-11 1.08898E-15 1.99708E-13
25 6.6E-08 0.4 0.8 0 3.90672E-08 0.4 0.8 0 0 0 1.34423E-12 -8.98453E-13 -2.34502E-11 2.25009E-11 1.08898E-15 5.02575E-13
25 6.6E-08 0.45 0.05 0 1.37332E-08 0.45 0.05 0 0 0 1.39983E-12 -1.38158E-12 -4.01355E-14 2.01175E-14 1.68228E-15 3.89487E-17
25 6.6E-08 0.45 0.1 0 1.37306E-08 0.45 0.1 0 0 0 1.3997E-12 -1.38158E-12 -4.02935E-14 2.03637E-14 1.68228E-15 9.25939E-17
25 6.6E-08 0.45 0.15 0 1.34556E-08 0.45 0.15 0 0 0 1.38548E-12 -1.38158E-12 -1.32499E-14 7.46744E-15 1.68228E-15 1.64458E-16
25 6.6E-08 0.45 0.2 0 1.37728E-08 0.45 0.2 0 0 0 1.40188E-12 -1.38158E-12 -5.10651E-14 2.87372E-14 1.68228E-15 2.5882E-16
25 6.6E-08 0.45 0.25 0 1.46091E-08 0.45 0.25 0 0 0 1.44511E-12 -1.38158E-12 -1.55605E-13 8.99455E-14 1.68228E-15 3.81308E-16
25 6.6E-08 0.45 0.3 0 1.55968E-08 0.45 0.3 0 0 0 1.49617E-12 -1.38158E-12 -3.20295E-13 2.03468E-13 1.68228E-15 5.41102E-16
25 6.6E-08 0.45 0.35 0 1.61069E-08 0.45 0.35 0 0 0 1.52253E-12 -1.38158E-12 -5.60635E-13 4.17255E-13 1.68228E-15 7.58656E-16
25 6.6E-08 0.45 0.4 0 1.52596E-08 0.45 0.4 0 0 0 1.47874E-12 -1.38158E-12 -8.98453E-13 7.98483E-13 1.68228E-15 1.08898E-15
25 6.6E-08 0.45 0.45 0 1.33468E-08 0.45 0.45 0 0 0 1.37986E-12 -1.38158E-12 -1.38158E-12 1.37986E-12 1.68228E-15 1.68228E-15
25 6.6E-08 0.45 0.5 0 1.21368E-08 0.45 0.5 0 0 0 1.31731E-12 -1.38158E-12 -2.17827E-12 2.23784E-12 1.68228E-15 2.93498E-15
25 6.6E-08 0.45 0.55 0 1.27646E-08 0.45 0.55 0 0 0 1.34976E-12 -1.38158E-12 -3.59807E-12 3.62221E-12 1.68228E-15 5.8799E-15
25 6.6E-08 0.45 0.6 0 1.48923E-08 0.45 0.6 0 0 0 1.45975E-12 -1.38158E-12 -5.72852E-12 5.63538E-12 1.68228E-15 1.32032E-14
25 6.6E-08 0.45 0.65 0 1.82316E-08 0.45 0.65 0 0 0 1.63237E-12 -1.38158E-12 -8.59794E-12 8.31374E-12 1.68228E-15 3.18228E-14
25 6.6E-08 0.45 0.7 0 2.28242E-08 0.45 0.7 0 0 0 1.86977E-12 -1.38158E-12 -1.23473E-11 1.1778E-11 1.68228E-15 7.93035E-14
25 6.6E-08 0.45 0.75 0 2.88186E-08 0.45 0.75 0 0 0 2.17964E-12 -1.38158E-12 -1.71931E-11 1.61935E-11 1.68228E-15 1.99708E-13
25 6.6E-08 0.45 0.8 0 3.6424E-08 0.45 0.8 0 0 0 2.57278E-12 -1.38158E-12 -2.34502E-11 2.17548E-11 1.68228E-15 5.02575E-13
25 6.6E-08 0.5 0.05 0 1.16877E-08 0.5 0.05 0 0 0 2.19528E-12 -2.17827E-12 -4.01355E-14 2.01069E-14 2.93498E-15 3.89487E-17
25 6.6E-08 0.5 0.1 0 1.16866E-08 0.5 0.1 0 0 0 2.19518E-12 -2.17827E-12 -4.02935E-14 2.03249E-14 2.93498E-15 9.25939E-17
25 6.6E-08 0.5 0.15 0 1.15376E-08 0.5 0.15 0 0 0 2.18105E-12 -2.17827E-12 -1.32499E-14 7.33614E-15 2.93498E-15 1.64458E-16
25 6.6E-08 0.5 0.2 0 1.17145E-08 0.5 0.2 0 0 0 2.19782E-12 -2.17827E-12 -5.10651E-14 2.82354E-14 2.93498E-15 2.5882E-16
25 6.6E-08 0.5 0.25 0 1.2187E-08 0.5 0.25 0 0 0 2.2426E-12 -2.17827E-12 -1.55605E-13 8.78984E-14 2.93498E-15 3.81308E-16
25 6.6E-08 0.5 0.3 0 1.2787E-08 0.5 0.3 0 0 0 2.29946E-12 -2.17827E-12 -3.20295E-13 1.95617E-13 2.93498E-15 5.41102E-16
25 6.6E-08 0.5 0.35 0 1.32402E-08 0.5 0.35 0 0 0 2.34241E-12 -2.17827E-12 -5.60635E-13 3.9282E-13 2.93498E-15 7.58656E-16
25 6.6E-08 0.5 0.4 0 1.30538E-08 0.5 0.4 0 0 0 2.32474E-12 -2.17827E-12 -8.98453E-13 7.47917E-13 2.93498E-15 1.08898E-15
25 6.6E-08 0.5 0.45 0 1.21368E-08 0.5 0.45 0 0 0 2.23784E-12 -2.17827E-12 -1.38158E-12 1.31731E-12 2.93498E-15 1.68228E-15
25 6.6E-08 0.5 0.5 0 1.14768E-08 0.5 0.5 0 0 0 2.1753E-12 -2.17827E-12 -2.17827E-12 2.1753E-12 2.93498E-15 2.93498E-15
25 6.6E-08 0.5 0.55 0 1.21249E-08 0.5 0.55 0 0 0 2.23672E-12 -2.17827E-12 -3.59807E-12 3.53069E-12 2.93498E-15 5.8799E-15
25 6.6E-08 0.5 0.6 0 1.40257E-08 0.5 0.6 0 0 0 2.41685E-12 -2.17827E-12 -5.72852E-12 5.47373E-12 2.93498E-15 1.32032E-14
25 6.6E-08 0.5 0.65 0 1.70043E-08 0.5 0.65 0 0 0 2.69913E-12 -2.17827E-12 -8.59794E-12 8.04242E-12 2.93498E-15 3.18228E-14
25 6.6E-08 0.5 0.7 0 2.11126E-08 0.5 0.7 0 0 0 3.08847E-12 -2.17827E-12 -1.23473E-11 1.13548E-11 2.93498E-15 7.93035E-14
25 6.6E-08 0.5 0.75 0 2.6487E-08 0.5 0.75 0 0 0 3.5978E-12 -2.17827E-12 -1.71931E-11 1.55707E-11 2.93498E-15 1.99708E-13
25 6.6E-08 0.5 0.8 0 3.33174E-08 0.5 0.8 0 0 0 4.2451E-12 -2.17827E-12 -2.34502E-11 2.0878E-11 2.93498E-15 5.02575E-13
25 6.6E-08 0.55 0.05 0 1.26939E-08 0.55 0.05 0 0 0 3.61209E-12 -3.59807E-12 -4.01355E-14 2.01121E-14 5.8799E-15 3.89487E-17
25 6.6E-08 0.55 0.1 0 1.26931E-08 0.55 0.1 0 0 0 3.61198E-12 -3.59807E-12 -4.02935E-14 2.0344E-14 5.8799E-15 9.25939E-17
25 6.6E-08 0.55 0.15 0 1.2594E-08 0.55 0.15 0 0 0 3.5978E-12 -3.59807E-12 -1.32499E-14 7.40846E-15 5.8799E-15 1.64458E-16
25 6.6E-08 0.55 0.2 0 1.271E-08 0.55 0.2 0 0 0 3.61439E-12 -3.59807E-12 -5.10651E-14 2.84781E-14 5.8799E-15 2.5882E-16
25 6.6E-08 0.55 0.25 0 1.30197E-08 0.55 0.25 0 0 0 3.65871E-12 -3.59807E-12 -1.55605E-13 8.86023E-14 5.8799E-15 3.81308E-16
25 6.6E-08 0.55 0.3 0 1.341E-08 0.55 0.3 0 0 0 3.71453E-12 -3.59807E-12 -3.20295E-13 1.97358E-13 5.8799E-15 5.41102E-16
25 6.6E-08 0.55 0.35 0 1.36952E-08 0.55 0.35 0 0 0 3.75534E-12 -3.59807E-12 -5.60635E-13 3.96699E-13 5.8799E-15 7.58656E-16
25 6.6E-08 0.55 0.4 0 1.35236E-08 0.55 0.4 0 0 0 3.73079E-12 -3.59807E-12 -8.98453E-13 7.58687E-13 5.8799E-15 1.08898E-15
25 6.6E-08 0.55 0.45 0 1.27646E-08 0.55 0.45 0 0 0 3.62221E-12 -3.59807E-12 -1.38158E-12 1.34976E-12 5.8799E-15 1.68228E-15
25 6.6E-08 0.55 0.5 0 1.21249E-08 0.55 0.5 0 0 0 3.53069E-12 -3.59807E-12 -2.17827E-12 2.23672E-12 5.8799E-15 2.93498E-15
25 6.6E-08 0.55 0.55 0 1.25543E-08 0.55 0.55 0 0 0 3.59211E-12 -3.59807E-12 -3.59807E-12 3.59211E-12 5.8799E-15 5.8799E-15
25 6.6E-08 0.55 0.6 0 1.41199E-08 0.55 0.6 0 0 0 3.81609E-12 -3.59807E-12 -5.72852E-12 5.4913E-12 5.8799E-15 1.32032E-14
25 6.6E-08 0.55 0.65 0 1.66945E-08 0.55 0.65 0 0 0 4.18443E-12 -3.59807E-12 -8.59794E-12 7.97393E-12 5.8799E-15 3.18228E-14
25 6.6E-08 0.55 0.7 0 2.03153E-08 0.55 0.7 0 0 0 4.70243E-12 -3.59807E-12 -1.23473E-11 1.11576E-11 5.8799E-15 7.93035E-14
25 6.6E-08 0.55 0.75 0 2.50954E-08 0.55 0.75 0 0 0 5.38629E-12 -3.59807E-12 -1.71931E-11 1.51991E-11 5.8799E-15 1.99708E-13
25 6.6E-08 0.55 0.8 0 3.11998E-08 0.55 0.8 0 0 0 6.25961E-12 -3.59807E-12 -2.34502E-11 2.02803E-11 5.8799E-15 5.02575E-13
25 6.6E-08 0.6 0.05 0 1.54277E-08 0.6 0.05 0 0 0 5.73524E-12 -5.72852E-12 -4.01355E-14 2.01263E-14 1.32032E-14 3.89487E-17
25 6.6E-08 0.6 0.1 0 1.54269E-08 0.6 0.1 0 0 0 5.73509E-12 -5.72852E-12 -4.02935E-14 2.03958E-14 1.32032E-14 9.25939E-17
25 6.6E-08 0.6 0.15 0 1.53501E-08 0.6 0.15 0 0 0 5.72077E-12 -5.72852E-12 -1.32499E-14 7.59714E-15 1.32032E-14 1.64458E-16
25 6.6E-08 0.6 0.2 0 1.54366E-08 0.6 0.2 0 0 0 5.73689E-12 -5.72852E-12 -5.10651E-14 2.91428E-14 1.32032E-14 2.5882E-16
25 6.6E-08 0.6 0.25 0 1.56657E-08 0.6 0.25 0 0 0 5.77964E-12 -5.72852E-12 -1.55605E-13 9.08385E-14 1.32032E-14 3.81308E-16
25 6.6E-08 0.6 0.3 0 1.59391E-08 0.6 0.3 0 0 0 5.83063E-12 -5.72852E-12 -3.20295E-13 2.04424E-13 1.32032E-14 5.41102E-16
25 6.6E-08 0.6 0.35 0 1.60865E-08 0.6 0.35 0 0 0 5.85813E-12 -5.72852E-12 -5.60635E-13 4.17082E-13 1.32032E-14 7.58656E-16
25 6.6E-08 0.6 0.4 0 1.57861E-08 0.6 0.4 0 0 0 5.80209E-12 -5.72852E-12 -8.98453E-13 8.10551E-13 1.32032E-14 1.08898E-15
25 6.6E-08 0.6 0.45 0 1.48923E-08 0.6 0.45 0 0 0 5.63538E-12 -5.72852E-12 -1.38158E-12 1.45975E-12 1.32032E-14 1.68228E-15
25 6.6E-08 0.6 0.5 0 1.40257E-08 0.6 0.5 0 0 0 5.47373E-12 -5.72852E-12 -2.17827E-12 2.41685E-12 1.32032E-14 2.93498E-15
25 6.6E-08 0.6 0.55 0 1.41199E-08 0.6 0.55 0 0 0 5.4913E-12 -5.72852E-12 -3.59807E-12 3.81609E-12 1.32032E-14 5.8799E-15
25 6.6E-08 0.6 0.6 0 1.53207E-08 0.6 0.6 0 0 0 5.71528E-12 -5.72852E-12 -5.72852E-12 5.71528E-12 1.32032E-14 1.32032E-14
25 6.6E-08 0.6 0.65 0 1.7519E-08 0.6 0.65 0 0 0 6.12532E-12 -5.72852E-12 -8.59794E-12 8.15621E-12 1.32032E-14 3.18228E-14
25 6.6E-08 0.6 0.7 0 2.07273E-08 0.6 0.7 0 0 0 6.72372E-12 -5.72852E-12 -1.23473E-11 1.12595E-11 1.32032E-14 7.93035E-14
25 6.6E-08 0.6 0.75 0 2.50314E-08 0.6 0.75 0 0 0 7.52653E-12 -5.72852E-12 -1.71931E-11 1.5182E-11 1.32032E-14 1.99708E-13
25 6.6E-08 0.6 0.8 0 3.0572E-08 0.6 0.8 0 0 0 8.55998E-12 -5.72852E-12 -2.34502E-11 2.01031E-11 1.32032E-14 5.02575E-13
25 6.6E-08 0.65 0.05 0 1.9464E-08 0.65 0.05 0 0 0 8.5862E-12 -8.59794E-12 -4.01355E-14 2.01473E-14 3.18228E-14 3.89487E-17
25 6.6E-08 0.65 0.1 0 1.9463E-08 0.65 0.1 0 0 0 8.58599E-12 -8.59794E-12 -4.02935E-14 2.04722E-14 3.18228E-14 9.25939E-17
25 6.6E-08 0.65 0.15 0 1.93974E-08 0.65 0.15 0 0 0 8.57147E-12 -8.59794E-12 -1.32499E-14 7.87421E-15 3.18228E-14 1.64458E-16
25 6.6E-08 0.65 0.2 0 1.94671E-08 0.65 0.2 0 0 0 8.58689E-12 -8.59794E-12 -5.10651E-14 3.01254E-14 3.18228E-14 2.5882E-16
25 6.6E-08 0.65 0.25 0 1.96497E-08 0.65 0.25 0 0 0 8.62724E-12 -8.59794E-12 -1.55605E-13 9.42056E-14 3.18228E-14 3.81308E-16
25 6.6E-08 0.65 0.3 0 1.98462E-08 0.65 0.3 0 0 0 8.67069E-12 -8.59794E-12 -3.20295E-13 2.15341E-13 3.18228E-14 5.41102E-16
25 6.6E-08 0.65 0.35 0 1.98739E-08 0.65 0.35 0 0 0 8.67682E-12 -8.59794E-12 -5.60635E-13 4.49364E-13 3.18228E-14 7.58656E-16
25 6.6E-08 0.65 0.4 0 1.93925E-08 0.65 0.4 0 0 0 8.57039E-12 -8.59794E-12 -8.98453E-13 8.93222E-13 3.18228E-14 1.08898E-15
25 6.6E-08 0.65 0.45 0 1.82316E-08 0.65 0.45 0 0 0 8.31374E-12 -8.59794E-12 -1.38158E-12 1.63237E-12 3.18228E-14 1.68228E-15
25 6.6E-08 0.65 0.5 0 1.70043E-08 0.65 0.5 0 0 0 8.04242E-12 -8.59794E-12 -2.17827E-12 2.69913E-12 3.18228E-14 2.93498E-15
25 6.6E-08 0.65 0.55 0 1.66945E-08 0.65 0.55 0 0 0 7.97393E-12 -8.59794E-12 -3.59807E-12 4.18443E-12 3.18228E-14 5.8799E-15
25 6.6E-08 0.65 0.6 0 1.7519E-08 0.65 0.6 0 0 0 8.15621E-12 -8.59794E-12 -5.72852E-12 6.12532E-12 3.18228E-14 1.32032E-14
25 6.6E-08 0.65 0.65 0 1.93738E-08 0.65 0.65 0 0 0 8.56625E-12 -8.59794E-12 -8.59794E-12 8.56625E-12 3.18228E-14 3.18228E-14
25 6.6E-08 0.65 0.7 0 2.22415E-08 0.65 0.7 0 0 0 9.20025E-12 -8.59794E-12 -1.23473E-11 1.1634E-11 3.18228E-14 7.93035E-14
25 6.6E-08 0.65 0.75 0 2.61795E-08 0.65 0.75 0 0 0 1.00709E-11 -8.59794E-12 -1.71931E-11 1.54886E-11 3.18228E-14 1.99708E-13
25 6.6E-08 0.65 0.8 0 3.13051E-08 0.65 0.8 0 0 0 1.1204E-11 -8.59794E-12 -2.34502E-11 2.031E-11 3.18228E-14 5.02575E-13
25 6.6E-08 0.7 0.05 0 2.48859E-08 0.7 0.05 0 0 0 1.22879E-11 -1.23473E-11 -4.01355E-14 2.01755E-14 7.93035E-14 3.89487E-17
25 6.6E-08 0.7 0.1 0 2.48847E-08 0.7 0.1 0 0 0 1.22876E-11 -1.23473E-11 -4.02935E-14 2.0575E-14 7.93035E-14 9.25939E-17
25 6.6E-08 0.7 0.15 0 2.48249E-08 0.7 0.15 0 0 0 1.22728E-11 -1.23473E-11 -1.32499E-14 8.24577E-15 7.93035E-14 1.64458E-16
25 6.6E-08 0.7 0.2 0 2.48834E-08 0.7 0.2 0 0 0 1.22873E-11 -1.23473E-11 -5.10651E-14 3.14458E-14 7.93035E-14 2.5882E-16
25 6.6E-08 0.7 0.25 0 2.50336E-08 0.7 0.25 0 0 0 1.23244E-11 -1.23473E-11 -1.55605E-13 9.87559E-14 7.93035E-14 3.81308E-16
25 6.6E-08 0.7 0.3 0 2.51676E-08 0.7 0.3 0 0 0 1.23575E-11 -1.23473E-11 -3.20295E-13 2.30209E-13 7.93035E-14 5.41102E-16
25 6.6E-08 0.7 0.35 0 2.50733E-08 0.7 0.35 0 0 0 1.23342E-11 -1.23473E-11 -5.60635E-13 4.93682E-13 7.93035E-14 7.58656E-16
25 6.6E-08 0.7 0.4 0 2.43615E-08 0.7 0.4 0 0 0 1.21582E-11 -1.23473E-11 -8.98453E-13 1.00713E-12 7.93035E-14 1.08898E-15
25 6.6E-08 0.7 0.45 0 2.28242E-08 0.7 0.45 0 0 0 1.1778E-11 -1.23473E-11 -1.38158E-12 1.86977E-12 7.93035E-14 1.68228E-15
25 6.6E-08 0.7 0.5 0 2.11126E-08 0.7 0.5 0 0 0 1.13548E-11 -1.23473E-11 -2.17827E-12 3.08847E-12 7.93035E-14 2.93498E-15
25 6.6E-08 0.7 0.55 0 2.03153E-08 0.7 0.55 0 0 0 1.11576E-11 -1.23473E-11 -3.59807E-12 4.70243E-12 7.93035E-14 5.8799E-15
25 6.6E-08 0.7 0.6 0 2.07273E-08 0.7 0.6 0 0 0 1.12595E-11 -1.23473E-11 -5.72852E-12 6.72372E-12 7.93035E-14 1.32032E-14
25 6.6E-08 0.7 0.65 0 2.22415E-08 0.7 0.65 0 0 0 1.1634E-11 -1.23473E-11 -8.59794E-12 9.20025E-12 7.93035E-14 3.18228E-14
25 6.6E-08 0.7 0.7 0 2.48053E-08 0.7 0.7 0 0 0 1.2268E-11 -1.23473E-11 -1.23473E-11 1.2268E-11 7.93035E-14 7.93035E-14
25 6.6E-08 0.7 0.75 0 2.84441E-08 0.7 0.75 0 0 0 1.31678E-11 -1.23473E-11 -1.71931E-11 1.60934E-11 7.93035E-14 1.99708E-13
25 6.6E-08 0.7 0.8 0 3.32511E-08 0.7 0.8 0 0 0 1.43565E-11 -1.23473E-11 -2.34502E-11 2.08593E-11 7.93035E-14 5.02575E-13
25 6.6E-08 0.75 0.05 0 3.18876E-08 0.75 0.05 0 0 0 1.70131E-11 -1.71931E-11 -4.01355E-14 2.02119E-14 1.99708E-13 3.89487E-17
25 6.6E-08 0.75 0.1 0 3.18861E-08 0.75 0.1 0 0 0 1.70127E-11 -1.71931E-11 -4.02935E-14 2.07076E-14 1.99708E-13 9.25939E-17
25 6.6E-08 0.75 0.15 0 3.18295E-08 0.75 0.15 0 0 0 1.69976E-11 -1.71931E-11 -1.32499E-14 8.72529E-15 1.99708E-13 1.64458E-16
25 6.6E-08 0.75 0.2 0 3.1879E-08 0.75 0.2 0 0 0 1.70108E-11 -1.71931E-11 -5.10651E-14 3.31512E-14 1.99708E-13 2.5882E-16
25 6.6E-08 0.75 0.25 0 3.20024E-08 0.75 0.25 0 0 0 1.70438E-11 -1.71931E-11 -1.55605E-13 1.04646E-13 1.99708E-13 3.81308E-16
25 6.6E-08 0.75 0.3 0 3.20762E-08 0.75 0.3 0 0 0 1.70635E-11 -1.71931E-11 -3.20295E-13 2.49512E-13 1.99708E-13 5.41102E-16
25 6.6E-08 0.75 0.35 0 3.1845E-08 0.75 0.35 0 0 0 1.70018E-11 -1.71931E-11 -5.60635E-13 5.51402E-13 1.99708E-13 7.58656E-16
25 6.6E-08 0.75 0.4 0 3.08456E-08 0.75 0.4 0 0 0 1.67348E-11 -1.71931E-11 -8.98453E-13 1.15577E-12 1.99708E-13 1.08898E-15
25 6.6E-08 0.75 0.45 0 2.88186E-08 0.75 0.45 0 0 0 1.61935E-11 -1.71931E-11 -1.38158E-12 2.17964E-12 1.99708E-13 1.68228E-15
25 6.6E-08 0.75 0.5 0 2.6487E-08 0.75 0.5 0 0 0 1.55707E-11 -1.71931E-11 -2.17827E-12 3.5978E-12 1.99708E-13 2.93498E-15
25 6.6E-08 0.75 0.55 0 2.50954E-08 0.75 0.55 0 0 0 1.51991E-11 -1.71931E-11 -3.59807E-12 5.38629E-12 1.99708E-13 5.8799E-15
25 6.6E-08 0.75 0.6 0 2.50314E-08 0.75 0.6 0 0 0 1.5182E-11 -1.71931E-11 -5.72852E-12 7.52653E-12 1.99708E-13 1.32032E-14
25 6.6E-08 0.75 0.65 0 2.61795E-08 0.75 0.65 0 0 0 1.54886E-11 -1.71931E-11 -8.59794E-12 1.00709E-11 1.99708E-13 3.18228E-14
25 6.6E-08 0.75 0.7 0 2.84441E-08 0.75 0.7 0 0 0 1.60934E-11 -1.71931E-11 -1.23473E-11 1.31678E-11 1.99708E-13 7.93035E-14
25 6.6E-08 0.75 0.75 0 3.18131E-08 0.75 0.75 0 0 0 1.69932E-11 -1.71931E-11 -1.71931E-11 1.69932E-11 1.99708E-13 1.99708E-13
25 6.6E-08 0.75 0.8 0 3.63538E-08 0.75 0.8 0 0 0 1.8206E-11 -1.71931E-11 -2.34502E-11 2.1735E-11 1.99708E-13 5.02575E-13
25 6.6E-08 0.8 0.05 0 4.07207E-08 0.8 0.05 0 0 0 2.29676E-11 -2.34502E-11 -4.01355E-14 2.02579E-14 5.02575E-13 3.89487E-17
25 6.6E-08 0.8 0.1 0 4.07189E-08 0.8 0.1 0 0 0 2.29671E-11 -2.34502E-11 -4.02935E-14 2.08749E-14 5.02575E-13 9.25939E-17
25 6.6E-08 0.8 0.15 0 4.06637E-08 0.8 0.15 0 0 0 2.29515E-11 -2.34502E-11 -1.32499E-14 9.33007E-15 5.02575E-13 1.64458E-16
25 6.6E-08 0.8 0.2 0 4.07052E-08 0.8 0.2 0 0 0 2.29632E-11 -2.34502E-11 -5.10651E-14 3.53028E-14 5.02575E-13 2.5882E-16
25 6.6E-08 0.8 0.25 0 4.08031E-08 0.8 0.25 0 0 0 2.29909E-11 -2.34502E-11 -1.55605E-13 1.12084E-13 5.02575E-13 3.81308E-16
25 6.6E-08 0.8 0.3 0 4.08129E-08 0.8 0.3 0 0 0 2.29936E-11 -2.34502E-11 -3.20295E-13 2.73923E-13 5.02575E-13 5.41103E-16
25 6.6E-08 0.8 0.35 0 4.04216E-08 0.8 0.35 0 0 0 2.28832E-11 -2.34502E-11 -5.60635E-13 6.24506E-13 5.02575E-13 7.58656E-16
25 6.6E-08 0.8 0.4 0 3.90672E-08 0.8 0.4 0 0 0 2.25009E-11 -2.34502E-11 -8.98453E-13 1.34423E-12 5.02575E-13 1.08898E-15
25 6.6E-08 0.8 0.45 0 3.6424E-08 0.8 0.45 0 0 0 2.17548E-11 -2.34502E-11 -1.38158E-12 2.57278E-12 5.02575E-13 1.68228E-15
25 6.6E-08 0.8 0.5 0 3.33174E-08 0.8 0.5 0 0 0 2.0878E-11 -2.34502E-11 -2.17827E-12 4.2451E-12 5.02575E-13 2.93498E-15
25 6.6E-08 0.8 0.55 0 3.11998E-08 0.8 0.55 0 0 0 2.02803E-11 -2.34502E-11 -3.59807E-12 6.25961E-12 5.02575E-13 5.8799E-15
25 6.6E-08 0.8 0.6 0 3.0572E-08 0.8 0.6 0 0 0 2.01031E-11 -2.34502E-11 -5.72852E-12 8.55998E-12 5.02575E-13 1.32032E-14
25 6.6E-08 0.8 0.65 0 3.13051E-08 0.8 0.65 0 0 0 2.031E-11 -2.34502E-11 -8.59794E-12 1.1204E-11 5.02575E-13 3.18228E-14
25 6.6E-08 0.8 0.7 0 3.32511E-08 0.8 0.7 0 0 0 2.08593E-11 -2.34502E-11 -1.23473E-11 1.43565E-11 5.02575E-13 7.93035E-14
25 6.6E-08 0.8 0.75 0 3.63538E-08 0.8 0.75 0 0 0 2.1735E-11 -2.34502E-11 -1.71931E-11 1.8206E-11 5.02575E-13 1.99708E-13
25 6.6E-08 0.8 0.8 0 4.06504E-08 0.8 0.8 0 0 0 2.29478E-11 -2.34502E-11 -2.34502E-11 2.29478E-11 5.02575E-13 5.02575E-13
