
25 8.8E-08 0.05 0.05 0 3.85368E-06 0.05 0.05 0 0 0 5.58417E-14 -5.58941E-14 -5.58941E-14 5.58417E-14 5.42511E-17 5.42511E-17
25 8.8E-08 0.05 0.1 0 1.66259E-06 0.05 0.1 0 0 0 3.99672E-14 -5.59018E-14 -5.61426E-14 7.18782E-14 5.42504E-17 1.28971E-16
25 8.8E-08 0.05 0.15 0 3.60957E-07 0.05 0.15 0 0 0 3.05366E-14 -5.59018E-14 -1.8474E-14 4.35422E-14 5.425E-17 2.29067E-16
25 8.8E-08 0.05 0.2 0 1.82416E-07 0.05 0.2 0 0 0 2.9243E-14 -5.59018E-14 -7.10468E-14 9.72998E-14 5.425E-17 3.605E-16
25 8.8E-08 0.05 0.25 0 1.14818E-07 0.05 0.25 0 0 0 2.87532E-14 -5.59018E-14 -2.16678E-13 2.43256E-13 5.42499E-17 5.31108E-16
25 8.8E-08 0.05 0.3 0 6.42897E-08 0.05 0.3 0 0 0 2.83871E-14 -5.59018E-14 -4.462E-13 4.72862E-13 5.42499E-17 7.53678E-16
25 8.8E-08 0.05 0.35 0 3.52054E-08 0.05 0.35 0 0 0 2.81764E-14 -5.59018E-14 -7.80894E-13 8.07569E-13 5.42499E-17 1.0567E-15
25 8.8E-08 0.05 0.4 0 2.04944E-08 0.05 0.4 0 0 0 2.80698E-14 -5.59018E-14 -1.25144E-12 1.27767E-12 5.42499E-17 1.51679E-15
25 8.8E-08 0.05 0.45 0 1.38121E-08 0.05 0.45 0 0 0 2.80214E-14 -5.59018E-14 -1.92429E-12 1.94977E-12 5.42499E-17 2.34318E-15
25 8.8E-08 0.05 0.5 0 1.18087E-08 0.05 0.5 0 0 0 2.80069E-14 -5.59018E-14 -3.03393E-12 3.05771E-12 5.42499E-17 4.08801E-15
25 8.8E-08 0.05 0.55 0 1.28879E-08 0.05 0.55 0 0 0 2.80147E-14 -5.59018E-14 -5.01145E-12 5.03113E-12 5.42499E-17 8.18987E-15
25 8.8E-08 0.05 0.6 0 1.57296E-08 0.05 0.6 0 0 0 2.80353E-14 -5.59018E-14 -7.97887E-12 7.98837E-12 5.42499E-17 1.83901E-14
25 8.8E-08 0.05 0.65 0 1.99096E-08 0.05 0.65 0 0 0 2.80656E-14 -5.59018E-14 -1.19759E-11 1.19593E-11 5.42499E-17 4.43246E-14
25 8.8E-08 0.05 0.7 0 2.55173E-08 0.05 0.7 0 0 0 2.81062E-14 -5.59018E-14 -1.71979E-11 1.71153E-11 5.42499E-17 1.10458E-13
25 8.8E-08 0.05 0.75 0 3.27557E-08 0.05 0.75 0 0 0 2.81587E-14 -5.59018E-14 -2.39474E-11 2.36968E-11 5.42499E-17 2.78164E-13
25 8.8E-08 0.05 0.8 0 4.18867E-08 0.05 0.8 0 0 0 2.82248E-14 -5.59018E-14 -3.26631E-11 3.19906E-11 5.42499E-17 7.00015E-13
25 8.8E-08 0.1 0.05 0 1.66259E-06 0.1 0.05 0 0 0 7.18782E-14 -5.61426E-14 -5.59018E-14 3.99672E-14 1.28971E-16 5.42504E-17
25 8.8E-08 0.1 0.1 0 1.06104E-06 0.1 0.1 0 0 0 5.6003E-14 -5.61426E-14 -5.61426E-14 5.6003E-14 1.2897E-16 1.2897E-16
25 8.8E-08 0.1 0.15 0 3.04858E-07 0.1 0.15 0 0 0 3.60469E-14 -5.61426E-14 -1.8474E-14 3.81921E-14 1.2897E-16 2.29067E-16
25 8.8E-08 0.1 0.2 0 1.73093E-07 0.1 0.2 0 0 0 3.25694E-14 -5.61426E-14 -7.10468E-14 9.41334E-14 1.2897E-16 3.605E-16
25 8.8E-08 0.1 0.25 0 1.13058E-07 0.1 0.25 0 0 0 3.09851E-14 -5.61426E-14 -2.16678E-13 2.41185E-13 1.2897E-16 5.31108E-16
25 8.8E-08 0.1 0.3 0 6.3996E-08 0.1 0.3 0 0 0 2.96903E-14 -5.61426E-14 -4.462E-13 4.71719E-13 1.2897E-16 7.53678E-16
25 8.8E-08 0.1 0.35 0 3.51554E-08 0.1 0.35 0 0 0 2.89291E-14 -5.61426E-14 -7.80894E-13 8.06976E-13 1.2897E-16 1.0567E-15
25 8.8E-08 0.1 0.4 0 2.04846E-08 0.1 0.4 0 0 0 2.8542E-14 -5.61426E-14 -1.25144E-12 1.27736E-12 1.2897E-16 1.51679E-15
25 8.8E-08 0.1 0.45 0 1.38095E-08 0.1 0.45 0 0 0 2.83658E-14 -5.61426E-14 -1.92429E-12 1.94958E-12 1.2897E-16 2.34318E-15
25 8.8E-08 0.1 0.5 0 1.18076E-08 0.1 0.5 0 0 0 2.8313E-14 -5.61426E-14 -3.03393E-12 3.05757E-12 1.2897E-16 4.08801E-15
25 8.8E-08 0.1 0.55 0 1.28871E-08 0.1 0.55 0 0 0 2.83415E-14 -5.61426E-14 -5.01145E-12 5.03096E-12 1.2897E-16 8.18987E-15
25 8.8E-08 0.1 0.6 0 1.57287E-08 0.1 0.6 0 0 0 2.84165E-14 -5.61426E-14 -7.97887E-12 7.98815E-12 1.2897E-16 1.83901E-14
25 8.8E-08 0.1 0.65 0 1.99086E-08 0.1 0.65 0 0 0 2.85268E-14 -5.61426E-14 -1.19759E-11 1.1959E-11 1.2897E-16 4.43246E-14
25 8.8E-08 0.1 0.7 0 2.55161E-08 0.1 0.7 0 0 0 2.86748E-14 -5.61426E-14 -1.71979E-11 1.71148E-11 1.2897E-16 1.10458E-13
25 8.8E-08 0.1 0.75 0 3.27542E-08 0.1 0.75 0 0 0 2.88658E-14 -5.61426E-14 -2.39474E-11 2.36963E-11 1.2897E-16 2.78164E-13
25 8.8E-08 0.1 0.8 0 4.18848E-08 0.1 0.8 0 0 0 2.91067E-14 -5.61426E-14 -3.26631E-11 3.19899E-11 1.2897E-16 7.00015E-13
25 8.8E-08 0.15 0.05 0 3.60957E-07 0.15 0.05 0 0 0 4.35422E-14 -1.8474E-14 -5.59018E-14 3.05366E-14 2.29067E-16 5.425E-17
25 8.8E-08 0.15 0.1 0 3.04858E-07 0.15 0.1 0 0 0 3.81921E-14 -1.8474E-14 -5.61426E-14 3.60469E-14 2.29067E-16 1.2897E-16
25 8.8E-08 0.15 0.15 0 9.56081E-08 0.15 0.15 0 0 0 1.82361E-14 -1.8474E-14 -1.8474E-14 1.82361E-14 2.29067E-16 2.29067E-16
25 8.8E-08 0.15 0.2 0 1.02232E-07 0.15 0.2 0 0 0 1.88678E-14 -1.8474E-14 -7.10468E-14 7.00685E-14 2.29067E-16 3.605E-16
25 8.8E-08 0.15 0.25 0 9.20926E-08 0.15 0.25 0 0 0 1.79009E-14 -1.8474E-14 -2.16678E-13 2.16502E-13 2.29067E-16 5.31108E-16
25 8.8E-08 0.15 0.3 0 5.81518E-08 0.15 0.3 0 0 0 1.46639E-14 -1.8474E-14 -4.462E-13 4.48979E-13 2.29067E-16 7.53678E-16
25 8.8E-08 0.15 0.35 0 3.33734E-08 0.15 0.35 0 0 0 1.23009E-14 -1.8474E-14 -7.80894E-13 7.85838E-13 2.29067E-16 1.0567E-15
25 8.8E-08 0.15 0.4 0 1.98493E-08 0.15 0.4 0 0 0 1.10111E-14 -1.8474E-14 -1.25144E-12 1.25712E-12 2.29067E-16 1.51679E-15
25 8.8E-08 0.15 0.45 0 1.35328E-08 0.15 0.45 0 0 0 1.04087E-14 -1.8474E-14 -1.92429E-12 1.92977E-12 2.29067E-16 2.34318E-15
25 8.8E-08 0.15 0.5 0 1.16569E-08 0.15 0.5 0 0 0 1.02298E-14 -1.8474E-14 -3.03393E-12 3.03788E-12 2.29067E-16 4.08801E-15
25 8.8E-08 0.15 0.55 0 1.27864E-08 0.15 0.55 0 0 0 1.03375E-14 -1.8474E-14 -5.01145E-12 5.0112E-12 2.29067E-16 8.18987E-15
25 8.8E-08 0.15 0.6 0 1.56504E-08 0.15 0.6 0 0 0 1.06106E-14 -1.8474E-14 -7.97887E-12 7.96819E-12 2.29067E-16 1.83901E-14
25 8.8E-08 0.15 0.65 0 1.98413E-08 0.15 0.65 0 0 0 1.10103E-14 -1.8474E-14 -1.19759E-11 1.19388E-11 2.29067E-16 4.43246E-14
25 8.8E-08 0.15 0.7 0 2.54547E-08 0.15 0.7 0 0 0 1.15456E-14 -1.8474E-14 -1.71979E-11 1.70942E-11 2.29067E-16 1.10458E-13
25 8.8E-08 0.15 0.75 0 3.26959E-08 0.15 0.75 0 0 0 1.22362E-14 -1.8474E-14 -2.39474E-11 2.36752E-11 2.29067E-16 2.78164E-13
25 8.8E-08 0.15 0.8 0 4.18279E-08 0.15 0.8 0 0 0 1.31071E-14 -1.8474E-14 -3.26631E-11 3.19681E-11 2.29067E-16 7.00015E-13
25 8.8E-08 0.2 0.05 0 1.82416E-07 0.2 0.05 0 0 0 9.72998E-14 -7.10468E-14 -5.59018E-14 2.9243E-14 3.605E-16 5.425E-17
25 8.8E-08 0.2 0.1 0 1.73093E-07 0.2 0.1 0 0 0 9.41334E-14 -7.10468E-14 -5.61426E-14 3.25694E-14 3.605E-16 1.2897E-16
25 8.8E-08 0.2 0.15 0 1.02232E-07 0.2 0.15 0 0 0 7.00685E-14 -7.10468E-14 -1.8474E-14 1.88678E-14 3.605E-16 2.29067E-16
25 8.8E-08 0.2 0.2 0 1.04091E-07 0.2 0.2 0 0 0 7.07002E-14 -7.10468E-14 -7.10468E-14 7.07002E-14 3.605E-16 3.605E-16
25 8.8E-08 0.2 0.25 0 9.45579E-08 0.2 0.25 0 0 0 6.74626E-14 -7.10468E-14 -2.16678E-13 2.19405E-13 3.605E-16 5.31108E-16
25 8.8E-08 0.2 0.3 0 6.09951E-08 0.2 0.3 0 0 0 5.60644E-14 -7.10468E-14 -4.462E-13 4.60042E-13 3.605E-16 7.53678E-16
25 8.8E-08 0.2 0.35 0 3.48553E-08 0.2 0.35 0 0 0 4.71872E-14 -7.10468E-14 -7.80894E-13 8.03416E-13 3.605E-16 1.0567E-15
25 8.8E-08 0.2 0.4 0 2.05136E-08 0.2 0.4 0 0 0 4.23167E-14 -7.10468E-14 -1.25144E-12 1.27828E-12 3.605E-16 1.51679E-15
25 8.8E-08 0.2 0.45 0 1.38516E-08 0.2 0.45 0 0 0 4.00542E-14 -7.10468E-14 -1.92429E-12 1.95259E-12 3.605E-16 2.34318E-15
25 8.8E-08 0.2 0.5 0 1.18355E-08 0.2 0.5 0 0 0 3.93696E-14 -7.10468E-14 -3.03393E-12 3.06121E-12 3.605E-16 4.08801E-15
25 8.8E-08 0.2 0.55 0 1.29039E-08 0.2 0.55 0 0 0 3.97324E-14 -7.10468E-14 -5.01145E-12 5.03427E-12 3.605E-16 8.18987E-15
25 8.8E-08 0.2 0.6 0 1.57382E-08 0.2 0.6 0 0 0 4.0695E-14 -7.10468E-14 -7.97887E-12 7.99057E-12 3.605E-16 1.83901E-14
25 8.8E-08 0.2 0.65 0 1.99123E-08 0.2 0.65 0 0 0 4.21125E-14 -7.10468E-14 -1.19759E-11 1.19602E-11 3.605E-16 4.43246E-14
25 8.8E-08 0.2 0.7 0 2.55142E-08 0.2 0.7 0 0 0 4.40149E-14 -7.10468E-14 -1.71979E-11 1.71142E-11 3.605E-16 1.10458E-13
25 8.8E-08 0.2 0.75 0 3.27462E-08 0.2 0.75 0 0 0 4.6471E-14 -7.10468E-14 -2.39474E-11 2.36934E-11 3.605E-16 2.78164E-13
25 8.8E-08 0.2 0.8 0 4.18697E-08 0.2 0.8 0 0 0 4.95694E-14 -7.10468E-14 -3.26631E-11 3.19841E-11 3.605E-16 7.00015E-13
25 8.8E-08 0.25 0.05 0 1.14818E-07 0.25 0.05 0 0 0 2.43256E-13 -2.16678E-13 -5.59018E-14 2.87532E-14 5.31108E-16 5.42499E-17
25 8.8E-08 0.25 0.1 0 1.13058E-07 0.25 0.1 0 0 0 2.41185E-13 -2.16678E-13 -5.61426E-14 3.09851E-14 5.31108E-16 1.2897E-16
25 8.8E-08 0.25 0.15 0 9.20926E-08 0.25 0.15 0 0 0 2.16502E-13 -2.16678E-13 -1.8474E-14 1.79009E-14 5.31108E-16 2.29067E-16
25 8.8E-08 0.25 0.2 0 9.45579E-08 0.25 0.2 0 0 0 2.19405E-13 -2.16678E-13 -7.10468E-14 6.74626E-14 5.31108E-16 3.605E-16
25 8.8E-08 0.25 0.25 0 9.18078E-08 0.25 0.25 0 0 0 2.16167E-13 -2.16678E-13 -2.16678E-13 2.16167E-13 5.31108E-16 5.31108E-16
25 8.8E-08 0.25 0.3 0 6.52646E-08 0.25 0.3 0 0 0 1.84918E-13 -2.16678E-13 -4.462E-13 4.76655E-13 5.31108E-16 7.53678E-16
25 8.8E-08 0.25 0.35 0 3.8194E-08 0.25 0.35 0 0 0 1.53049E-13 -2.16678E-13 -7.80894E-13 8.43021E-13 5.31108E-16 1.0567E-15
25 8.8E-08 0.25 0.4 0 2.21956E-08 0.25 0.4 0 0 0 1.34214E-13 -2.16678E-13 -1.25144E-12 1.33185E-12 5.31108E-16 1.51679E-15
25 8.8E-08 0.25 0.45 0 1.46917E-08 0.25 0.45 0 0 0 1.2538E-13 -2.16678E-13 -1.92429E-12 2.01273E-12 5.31108E-16 2.34318E-15
25 8.8E-08 0.25 0.5 0 1.2312E-08 0.25 0.5 0 0 0 1.22578E-13 -2.16678E-13 -3.03393E-12 3.12347E-12 5.31108E-16 4.08801E-15
25 8.8E-08 0.25 0.55 0 1.32175E-08 0.25 0.55 0 0 0 1.23644E-13 -2.16678E-13 -5.01145E-12 5.09582E-12 5.31108E-16 8.18987E-15
25 8.8E-08 0.25 0.6 0 1.59708E-08 0.25 0.6 0 0 0 1.26886E-13 -2.16678E-13 -7.97887E-12 8.04985E-12 5.31108E-16 1.83901E-14
25 8.8E-08 0.25 0.65 0 2.00977E-08 0.25 0.65 0 0 0 1.31744E-13 -2.16678E-13 -1.19759E-11 1.2016E-11 5.31108E-16 4.43246E-14
25 8.8E-08 0.25 0.7 0 2.56666E-08 0.25 0.7 0 0 0 1.383E-13 -2.16678E-13 -1.71979E-11 1.71654E-11 5.31108E-16 1.10458E-13
25 8.8E-08 0.25 0.75 0 3.28709E-08 0.25 0.75 0 0 0 1.46782E-13 -2.16678E-13 -2.39474E-11 2.37385E-11 5.31108E-16 2.78164E-13
25 8.8E-08 0.25 0.8 0 4.1968E-08 0.25 0.8 0 0 0 1.57492E-13 -2.16678E-13 -3.26631E-11 3.20216E-11 5.31108E-16 7.00015E-13
25 8.8E-08 0.3 0.05 0 6.42897E-08 0.3 0.05 0 0 0 4.72862E-13 -4.462E-13 -5.59018E-14 2.83871E-14 7.53678E-16 5.42499E-17
25 8.8E-08 0.3 0.1 0 6.3996E-08 0.3 0.1 0 0 0 4.71719E-13 -4.462E-13 -5.61426E-14 2.96903E-14 7.53678E-16 1.2897E-16
25 8.8E-08 0.3 0.15 0 5.81518E-08 0.3 0.15 0 0 0 4.48979E-13 -4.462E-13 -1.8474E-14 1.46639E-14 7.53678E-16 2.29067E-16
25 8.8E-08 0.3 0.2 0 6.09951E-08 0.3 0.2 0 0 0 4.60042E-13 -4.462E-13 -7.10468E-14 5.60644E-14 7.53678E-16 3.605E-16
25 8.8E-08 0.3 0.25 0 6.52646E-08 0.3 0.25 0 0 0 4.76655E-13 -4.462E-13 -2.16678E-13 1.84918E-13 7.53678E-16 5.31108E-16
25 8.8E-08 0.3 0.3 0 5.72338E-08 0.3 0.3 0 0 0 4.45407E-13 -4.462E-13 -4.462E-13 4.45407E-13 7.53678E-16 7.53678E-16
25 8.8E-08 0.3 0.35 0 3.88902E-08 0.3 0.35 0 0 0 3.7403E-13 -4.462E-13 -7.80894E-13 8.5128E-13 7.53678E-16 1.0567E-15
25 8.8E-08 0.3 0.4 0 2.37173E-08 0.3 0.4 0 0 0 3.1499E-13 -4.462E-13 -1.25144E-12 1.38031E-12 7.53678E-16 1.51679E-15
25 8.8E-08 0.3 0.45 0 1.5682E-08 0.3 0.45 0 0 0 2.83724E-13 -4.462E-13 -1.92429E-12 2.08363E-12 7.53678E-16 2.34318E-15
25 8.8E-08 0.3 0.5 0 1.29156E-08 0.3 0.5 0 0 0 2.72959E-13 -4.462E-13 -3.03393E-12 3.20233E-12 7.53678E-16 4.08801E-15
25 8.8E-08 0.3 0.55 0 1.3611E-08 0.3 0.55 0 0 0 2.75665E-13 -4.462E-13 -5.01145E-12 5.17304E-12 7.53678E-16 8.18987E-15
25 8.8E-08 0.3 0.6 0 1.62464E-08 0.3 0.6 0 0 0 2.8592E-13 -4.462E-13 -7.97887E-12 8.12005E-12 7.53678E-16 1.83901E-14
25 8.8E-08 0.3 0.65 0 2.02948E-08 0.3 0.65 0 0 0 3.01673E-13 -4.462E-13 -1.19759E-11 1.20753E-11 7.53678E-16 4.43246E-14
25 8.8E-08 0.3 0.7 0 2.57989E-08 0.3 0.7 0 0 0 3.2309E-13 -4.462E-13 -1.71979E-11 1.72098E-11 7.53678E-16 1.10458E-13
25 8.8E-08 0.3 0.75 0 3.29403E-08 0.3 0.75 0 0 0 3.50878E-13 -4.462E-13 -2.39474E-11 2.37637E-11 7.53678E-16 2.78164E-13
25 8.8E-08 0.3 0.8 0 4.19698E-08 0.3 0.8 0 0 0 3.86013E-13 -4.462E-13 -3.26631E-11 3.20223E-11 7.53678E-16 7.00015E-13
25 8.8E-08 0.35 0.05 0 3.52054E-08 0.35 0.05 0 0 0 8.07569E-13 -7.80894E-13 -5.59018E-14 2.81764E-14 1.0567E-15 5.42499E-17
25 8.8E-08 0.35 0.1 0 3.51554E-08 0.35 0.1 0 0 0 8.06976E-13 -7.80894E-13 -5.61426E-14 2.89291E-14 1.0567E-15 1.2897E-16
25 8.8E-08 0.35 0.15 0 3.33734E-08 0.35 0.15 0 0 0 7.85838E-13 -7.80894E-13 -1.8474E-14 1.23009E-14 1.0567E-15 2.29067E-16
25 8.8E-08 0.35 0.2 0 3.48553E-08 0.35 0.2 0 0 0 8.03416E-13 -7.80894E-13 -7.10468E-14 4.71872E-14 1.0567E-15 3.605E-16
25 8.8E-08 0.35 0.25 0 3.8194E-08 0.35 0.25 0 0 0 8.43021E-13 -7.80894E-13 -2.16678E-13 1.53049E-13 1.0567E-15 5.31108E-16
25 8.8E-08 0.35 0.3 0 3.88902E-08 0.35 0.3 0 0 0 8.5128E-13 -7.80894E-13 -4.462E-13 3.7403E-13 1.0567E-15 7.53678E-16
25 8.8E-08 0.35 0.35 0 3.28731E-08 0.35 0.35 0 0 0 7.79903E-13 -7.80894E-13 -7.80894E-13 7.79903E-13 1.0567E-15 1.0567E-15
25 8.8E-08 0.35 0.4 0 2.32184E-08 0.35 0.4 0 0 0 6.65375E-13 -7.80894E-13 -1.25144E-12 1.36442E-12 1.0567E-15 1.51679E-15
25 8.8E-08 0.35 0.45 0 1.61882E-08 0.35 0.45 0 0 0 5.81981E-13 -7.80894E-13 -1.92429E-12 2.11987E-12 1.0567E-15 2.34318E-15
25 8.8E-08 0.35 0.5 0 1.33668E-08 0.35 0.5 0 0 0 5.48512E-13 -7.80894E-13 -3.03393E-12 3.26127E-12 1.0567E-15 4.08801E-15
25 8.8E-08 0.35 0.55 0 1.38933E-08 0.35 0.55 0 0 0 5.54758E-13 -7.80894E-13 -5.01145E-12 5.22844E-12 1.0567E-15 8.18987E-15
25 8.8E-08 0.35 0.6 0 1.63879E-08 0.35 0.6 0 0 0 5.8435E-13 -7.80894E-13 -7.97887E-12 8.15612E-12 1.0567E-15 1.83901E-14
25 8.8E-08 0.35 0.65 0 2.03123E-08 0.35 0.65 0 0 0 6.30902E-13 -7.80894E-13 -1.19759E-11 1.20806E-11 1.0567E-15 4.43246E-14
25 8.8E-08 0.35 0.7 0 2.56885E-08 0.35 0.7 0 0 0 6.94676E-13 -7.80894E-13 -1.71979E-11 1.71727E-11 1.0567E-15 1.10458E-13
25 8.8E-08 0.35 0.75 0 3.26854E-08 0.35 0.75 0 0 0 7.77677E-13 -7.80894E-13 -2.39474E-11 2.36714E-11 1.0567E-15 2.78164E-13
25 8.8E-08 0.35 0.8 0 4.15453E-08 0.35 0.8 0 0 0 8.82775E-13 -7.80894E-13 -3.26631E-11 3.18601E-11 1.0567E-15 7.00015E-13
25 8.8E-08 0.4 0.05 0 2.04944E-08 0.4 0.05 0 0 0 1.27767E-12 -1.25144E-12 -5.59018E-14 2.80698E-14 1.51679E-15 5.42499E-17
25 8.8E-08 0.4 0.1 0 2.04846E-08 0.4 0.1 0 0 0 1.27736E-12 -1.25144E-12 -5.61426E-14 2.8542E-14 1.51679E-15 1.2897E-16
25 8.8E-08 0.4 0.15 0 1.98493E-08 0.4 0.15 0 0 0 1.25712E-12 -1.25144E-12 -1.8474E-14 1.10111E-14 1.51679E-15 2.29067E-16
25 8.8E-08 0.4 0.2 0 2.05136E-08 0.4 0.2 0 0 0 1.27828E-12 -1.25144E-12 -7.10468E-14 4.23167E-14 1.51679E-15 3.605E-16
25 8.8E-08 0.4 0.25 0 2.21956E-08 0.4 0.25 0 0 0 1.33185E-12 -1.25144E-12 -2.16678E-13 1.34214E-13 1.51679E-15 5.31108E-16
25 8.8E-08 0.4 0.3 0 2.37173E-08 0.4 0.3 0 0 0 1.38031E-12 -1.25144E-12 -4.462E-13 3.1499E-13 1.51679E-15 7.53678E-16
25 8.8E-08 0.4 0.35 0 2.32184E-08 0.4 0.35 0 0 0 1.36442E-12 -1.25144E-12 -7.80894E-13 6.65375E-13 1.51679E-15 1.0567E-15
25 8.8E-08 0.4 0.4 0 1.96224E-08 0.4 0.4 0 0 0 1.2499E-12 -1.25144E-12 -1.25144E-12 1.2499E-12 1.51679E-15 1.51679E-15
25 8.8E-08 0.4 0.45 0 1.53322E-08 0.4 0.45 0 0 0 1.11326E-12 -1.25144E-12 -1.92429E-12 2.05858E-12 1.51679E-15 2.34318E-15
25 8.8E-08 0.4 0.5 0 1.31689E-08 0.4 0.5 0 0 0 1.04436E-12 -1.25144E-12 -3.03393E-12 3.23542E-12 1.51679E-15 4.08801E-15
25 8.8E-08 0.4 0.55 0 1.37062E-08 0.4 0.55 0 0 0 1.06147E-12 -1.25144E-12 -5.01145E-12 5.19172E-12 1.51679E-15 8.18987E-15
25 8.8E-08 0.4 0.6 0 1.60651E-08 0.4 0.6 0 0 0 1.1366E-12 -1.25144E-12 -7.97887E-12 8.07386E-12 1.51679E-15 1.83901E-14
25 8.8E-08 0.4 0.65 0 1.97987E-08 0.4 0.65 0 0 0 1.25551E-12 -1.25144E-12 -1.19759E-11 1.1926E-11 1.51679E-15 4.43246E-14
25 8.8E-08 0.4 0.7 0 2.49314E-08 0.4 0.7 0 0 0 1.41898E-12 -1.25144E-12 -1.71979E-11 1.69184E-11 1.51679E-15 1.10458E-13
25 8.8E-08 0.4 0.75 0 3.16238E-08 0.4 0.75 0 0 0 1.63213E-12 -1.25144E-12 -2.39474E-11 2.32869E-11 1.51679E-15 2.78164E-13
25 8.8E-08 0.4 0.8 0 4.01074E-08 0.4 0.8 0 0 0 1.90232E-12 -1.25144E-12 -3.26631E-11 3.13105E-11 1.51679E-15 7.00015E-13
25 8.8E-08 0.45 0.05 0 1.38121E-08 0.45 0.05 0 0 0 1.94977E-12 -1.92429E-12 -5.59018E-14 2.80214E-14 2.34318E-15 5.42499E-17
25 8.8E-08 0.45 0.1 0 1.38095E-08 0.45 0.1 0 0 0 1.94958E-12 -1.92429E-12 -5.61426E-14 2.83658E-14 2.34318E-15 1.2897E-16
25 8.8E-08 0.45 0.15 0 1.35328E-08 0.45 0.15 0 0 0 1.92977E-12 -1.92429E-12 -1.8474E-14 1.04087E-14 2.34318E-15 2.29067E-16
25 8.8E-08 0.45 0.2 0 1.38516E-08 0.45 0.2 0 0 0 1.95259E-12 -1.92429E-12 -7.10468E-14 4.00542E-14 2.34318E-15 3.605E-16
25 8.8E-08 0.45 0.25 0 1.46917E-08 0.45 0.25 0 0 0 2.01273E-12 -1.92429E-12 -2.16678E-13 1.2538E-13 2.34318E-15 5.31108E-16
25 8.8E-08 0.45 0.3 0 1.5682E-08 0.45 0.3 0 0 0 2.08363E-12 -1.92429E-12 -4.462E-13 2.83724E-13 2.34318E-15 7.53678E-16
25 8.8E-08 0.45 0.35 0 1.61882E-08 0.45 0.35 0 0 0 2.11987E-12 -1.92429E-12 -7.80894E-13 5.81981E-13 2.34318E-15 1.0567E-15
25 8.8E-08 0.45 0.4 0 1.53322E-08 0.45 0.4 0 0 0 2.05858E-12 -1.92429E-12 -1.25144E-12 1.11326E-12 2.34318E-15 1.51679E-15
25 8.8E-08 0.45 0.45 0 1.34235E-08 0.45 0.45 0 0 0 1.92195E-12 -1.92429E-12 -1.92429E-12 1.92195E-12 2.34318E-15 2.34318E-15
25 8.8E-08 0.45 0.5 0 1.22427E-08 0.45 0.5 0 0 0 1.83741E-12 -1.92429E-12 -3.03393E-12 3.11441E-12 2.34318E-15 4.08801E-15
25 8.8E-08 0.45 0.55 0 1.29272E-08 0.45 0.55 0 0 0 1.88641E-12 -1.92429E-12 -5.01145E-12 5.03883E-12 2.34318E-15 8.18987E-15
25 8.8E-08 0.45 0.6 0 1.51386E-08 0.45 0.6 0 0 0 2.04473E-12 -1.92429E-12 -7.97887E-12 7.83778E-12 2.34318E-15 1.83901E-14
25 8.8E-08 0.45 0.65 0 1.85889E-08 0.45 0.65 0 0 0 2.29173E-12 -1.92429E-12 -1.19759E-11 1.15618E-11 2.34318E-15 4.43246E-14
25 8.8E-08 0.45 0.7 0 2.33246E-08 0.45 0.7 0 0 0 2.63076E-12 -1.92429E-12 -1.71979E-11 1.63787E-11 2.34318E-15 1.10458E-13
25 8.8E-08 0.45 0.75 0 2.95011E-08 0.45 0.75 0 0 0 3.07292E-12 -1.92429E-12 -2.39474E-11 2.25182E-11 2.34318E-15 2.78164E-13
25 8.8E-08 0.45 0.8 0 3.73355E-08 0.45 0.8 0 0 0 3.63378E-12 -1.92429E-12 -3.26631E-11 3.02511E-11 2.34318E-15 7.00015E-13
25 8.8E-08 0.5 0.05 0 1.18087E-08 0.5 0.05 0 0 0 3.05771E-12 -3.03393E-12 -5.59018E-14 2.80069E-14 4.08801E-15 5.42499E-17
25 8.8E-08 0.5 0.1 0 1.18076E-08 0.5 0.1 0 0 0 3.05757E-12 -3.03393E-12 -5.61426E-14 2.8313E-14 4.08801E-15 1.2897E-16
25 8.8E-08 0.5 0.15 0 1.16569E-08 0.5 0.15 0 0 0 3.03788E-12 -3.03393E-12 -1.8474E-14 1.02298E-14 4.08801E-15 2.29067E-16
25 8.8E-08 0.5 0.2 0 1.18355E-08 0.5 0.2 0 0 0 3.06121E-12 -3.03393E-12 -7.10468E-14 3.93696E-14 4.08801E-15 3.605E-16
25 8.8E-08 0.5 0.25 0 1.2312E-08 0.5 0.25 0 0 0 3.12347E-12 -3.03393E-12 -2.16678E-13 1.22578E-13 4.08801E-15 5.31108E-16
25 8.8E-08 0.5 0.3 0 1.29156E-08 0.5 0.3 0 0 0 3.20233E-12 -3.03393E-12 -4.462E-13 2.72959E-13 4.08801E-15 7.53678E-16
25 8.8E-08 0.5 0.35 0 1.33668E-08 0.5 0.35 0 0 0 3.26127E-12 -3.03393E-12 -7.80894E-13 5.48512E-13 4.08801E-15 1.0567E-15
25 8.8E-08 0.5 0.4 0 1.31689E-08 0.5 0.4 0 0 0 3.23542E-12 -3.03393E-12 -1.25144E-12 1.04436E-12 4.08801E-15 1.51679E-15
25 8.8E-08 0.5 0.45 0 1.22427E-08 0.5 0.45 0 0 0 3.11441E-12 -3.03393E-12 -1.92429E-12 1.83741E-12 4.08801E-15 2.34318E-15
25 8.8E-08 0.5 0.5 0 1.15957E-08 0.5 0.5 0 0 0 3.02988E-12 -3.03393E-12 -3.03393E-12 3.02988E-12 4.08801E-15 4.08801E-15
25 8.8E-08 0.5 0.55 0 1.22864E-08 0.5 0.55 0 0 0 3.12012E-12 -3.03393E-12 -5.01145E-12 4.91306E-12 4.08801E-15 8.18987E-15
25 8.8E-08 0.5 0.6 0 1.42563E-08 0.5 0.6 0 0 0 3.37748E-12 -3.03393E-12 -7.97887E-12 7.61296E-12 4.08801E-15 1.83901E-14
25 8.8E-08 0.5 0.65 0 1.73291E-08 0.5 0.65 0 0 0 3.77893E-12 -3.03393E-12 -1.19759E-11 1.11825E-11 4.08801E-15 4.43246E-14
25 8.8E-08 0.5 0.7 0 2.15595E-08 0.5 0.7 0 0 0 4.33162E-12 -3.03393E-12 -1.71979E-11 1.57858E-11 4.08801E-15 1.10458E-13
25 8.8E-08 0.5 0.75 0 2.70897E-08 0.5 0.75 0 0 0 5.05413E-12 -3.03393E-12 -2.39474E-11 2.16449E-11 4.08801E-15 2.78164E-13
25 8.8E-08 0.5 0.8 0 3.41162E-08 0.5 0.8 0 0 0 5.97213E-12 -3.03393E-12 -3.26631E-11 2.90207E-11 4.08801E-15 7.00015E-13
25 8.8E-08 0.55 0.05 0 1.28879E-08 0.55 0.05 0 0 0 5.03113E-12 -5.01145E-12 -5.59018E-14 2.80147E-14 8.18987E-15 5.42499E-17
25 8.8E-08 0.55 0.1 0 1.28871E-08 0.55 0.1 0 0 0 5.03096E-12 -5.01145E-12 -5.61426E-14 2.83415E-14 8.18987E-15 1.2897E-16
25 8.8E-08 0.55 0.15 0 1.27864E-08 0.55 0.15 0 0 0 5.0112E-12 -5.01145E-12 -1.8474E-14 1.03375E-14 8.18987E-15 2.29067E-16
25 8.8E-08 0.55 0.2 0 1.29039E-08 0.55 0.2 0 0 0 5.03427E-12 -5.01145E-12 -7.10468E-14 3.97324E-14 8.18987E-15 3.605E-16
25 8.8E-08 0.55 0.25 0 1.32175E-08 0.55 0.25 0 0 0 5.09582E-12 -5.01145E-12 -2.16678E-13 1.23644E-13 8.18987E-15 5.31108E-16
25 8.8E-08 0.55 0.3 0 1.3611E-08 0.55 0.3 0 0 0 5.17304E-12 -5.01145E-12 -4.462E-13 2.75665E-13 8.18987E-15 7.53678E-16
25 8.8E-08 0.55 0.35 0 1.38933E-08 0.55 0.35 0 0 0 5.22844E-12 -5.01145E-12 -7.80894E-13 5.54758E-13 8.18987E-15 1.0567E-15
25 8.8E-08 0.55 0.4 0 1.37062E-08 0.55 0.4 0 0 0 5.19172E-12 -5.01145E-12 -1.25144E-12 1.06147E-12 8.18987E-15 1.51679E-15
25 8.8E-08 0.55 0.45 0 1.29272E-08 0.55 0.45 0 0 0 5.03883E-12 -5.01145E-12 -1.92429E-12 1.88641E-12 8.18987E-15 2.34318E-15
25 8.8E-08 0.55 0.5 0 1.22864E-08 0.55 0.5 0 0 0 4.91306E-12 -5.01145E-12 -3.03393E-12 3.12012E-12 8.18987E-15 4.08801E-15
25 8.8E-08 0.55 0.55 0 1.27461E-08 0.55 0.55 0 0 0 5.0033E-12 -5.01145E-12 -5.01145E-12 5.0033E-12 8.18987E-15 8.18987E-15
25 8.8E-08 0.55 0.6 0 1.43698E-08 0.55 0.6 0 0 0 5.32198E-12 -5.01145E-12 -7.97887E-12 7.64189E-12 8.18987E-15 1.83901E-14
25 8.8E-08 0.55 0.65 0 1.70266E-08 0.55 0.65 0 0 0 5.84341E-12 -5.01145E-12 -1.19759E-11 1.10915E-11 8.18987E-15 4.43246E-14
25 8.8E-08 0.55 0.7 0 2.07552E-08 0.55 0.7 0 0 0 6.57521E-12 -5.01145E-12 -1.71979E-11 1.55156E-11 8.18987E-15 1.10458E-13
25 8.8E-08 0.55 0.75 0 2.56733E-08 0.55 0.75 0 0 0 7.54048E-12 -5.01145E-12 -2.39474E-11 2.1132E-11 8.18987E-15 2.78164E-13
25 8.8E-08 0.55 0.8 0 3.19519E-08 0.55 0.8 0 0 0 8.77277E-12 -5.01145E-12 -3.26631E-11 2.81935E-11 8.18987E-15 7.00015E-13
25 8.8E-08 0.6 0.05 0 1.57296E-08 0.6 0.05 0 0 0 7.98837E-12 -7.97887E-12 -5.59018E-14 2.80353E-14 1.83901E-14 5.42499E-17
25 8.8E-08 0.6 0.1 0 1.57287E-08 0.6 0.1 0 0 0 7.98815E-12 -7.97887E-12 -5.61426E-14 2.84165E-14 1.83901E-14 1.2897E-16
25 8.8E-08 0.6 0.15 0 1.56504E-08 0.6 0.15 0 0 0 7.96819E-12 -7.97887E-12 -1.8474E-14 1.06106E-14 1.83901E-14 2.29067E-16
25 8.8E-08 0.6 0.2 0 1.57382E-08 0.6 0.2 0 0 0 7.99057E-12 -7.97887E-12 -7.10468E-14 4.0695E-14 1.83901E-14 3.605E-16
25 8.8E-08 0.6 0.25 0 1.59708E-08 0.6 0.25 0 0 0 8.04985E-12 -7.97887E-12 -2.16678E-13 1.26886E-13 1.83901E-14 5.31108E-16
25 8.8E-08 0.6 0.3 0 1.62464E-08 0.6 0.3 0 0 0 8.12005E-12 -7.97887E-12 -4.462E-13 2.8592E-13 1.83901E-14 7.53678E-16
25 8.8E-08 0.6 0.35 0 1.63879E-08 0.6 0.35 0 0 0 8.15612E-12 -7.97887E-12 -7.80894E-13 5.8435E-13 1.83901E-14 1.0567E-15
25 8.8E-08 0.6 0.4 0 1.60651E-08 0.6 0.4 0 0 0 8.07386E-12 -7.97887E-12 -1.25144E-12 1.1366E-12 1.83901E-14 1.51679E-15
25 8.8E-08 0.6 0.45 0 1.51386E-08 0.6 0.45 0 0 0 7.83778E-12 -7.97887E-12 -1.92429E-12 2.04473E-12 1.83901E-14 2.34318E-15
25 8.8E-08 0.6 0.5 0 1.42563E-08 0.6 0.5 0 0 0 7.61296E-12 -7.97887E-12 -3.03393E-12 3.37748E-12 1.83901E-14 4.08801E-15
25 8.8E-08 0.6 0.55 0 1.43698E-08 0.6 0.55 0 0 0 7.64189E-12 -7.97887E-12 -5.01145E-12 5.32198E-12 1.83901E-14 8.18987E-15
25 8.8E-08 0.6 0.6 0 1.56205E-08 0.6 0.6 0 0 0 7.96056E-12 -7.97887E-12 -7.97887E-12 7.96056E-12 1.83901E-14 1.83901E-14
25 8.8E-08 0.6 0.65 0 1.78934E-08 0.6 0.65 0 0 0 8.53973E-12 -7.97887E-12 -1.19759E-11 1.13524E-11 1.83901E-14 4.43246E-14
25 8.8E-08 0.6 0.7 0 2.12013E-08 0.6 0.7 0 0 0 9.38262E-12 -7.97887E-12 -1.71979E-11 1.56655E-11 1.83901E-14 1.10458E-13
25 8.8E-08 0.6 0.75 0 2.56337E-08 0.6 0.75 0 0 0 1.05121E-11 -7.97887E-12 -2.39474E-11 2.11177E-11 1.83901E-14 2.78164E-13
25 8.8E-08 0.6 0.8 0 3.13366E-08 0.6 0.8 0 0 0 1.19652E-11 -7.97887E-12 -3.26631E-11 2.79583E-11 1.83901E-14 7.00015E-13
25 8.8E-08 0.65 0.05 0 1.99096E-08 0.65 0.05 0 0 0 1.19593E-11 -1.19759E-11 -5.59018E-14 2.80656E-14 4.43246E-14 5.42499E-17
25 8.8E-08 0.65 0.1 0 1.99086E-08 0.65 0.1 0 0 0 1.1959E-11 -1.19759E-11 -5.61426E-14 2.85268E-14 4.43246E-14 1.2897E-16
25 8.8E-08 0.65 0.15 0 1.98413E-08 0.65 0.15 0 0 0 1.19388E-11 -1.19759E-11 -1.8474E-14 1.10103E-14 4.43246E-14 2.29067E-16
25 8.8E-08 0.65 0.2 0 1.99123E-08 0.65 0.2 0 0 0 1.19602E-11 -1.19759E-11 -7.10468E-14 4.21125E-14 4.43246E-14 3.605E-16
25 8.8E-08 0.65 0.25 0 2.00977E-08 0.65 0.25 0 0 0 1.2016E-11 -1.19759E-11 -2.16678E-13 1.31744E-13 4.43246E-14 5.31108E-16
25 8.8E-08 0.65 0.3 0 2.02948E-08 0.65 0.3 0 0 0 1.20753E-11 -1.19759E-11 -4.462E-13 3.01673E-13 4.43246E-14 7.53678E-16
25 8.8E-08 0.65 0.35 0 2.03123E-08 0.65 0.35 0 0 0 1.20806E-11 -1.19759E-11 -7.80894E-13 6.30902E-13 4.43246E-14 1.0567E-15
25 8.8E-08 0.65 0.4 0 1.97987E-08 0.65 0.4 0 0 0 1.1926E-11 -1.19759E-11 -1.25144E-12 1.25551E-12 4.43246E-14 1.51679E-15
25 8.8E-08 0.65 0.45 0 1.85889E-08 0.65 0.45 0 0 0 1.15618E-11 -1.19759E-11 -1.92429E-12 2.29173E-12 4.43246E-14 2.34318E-15
25 8.8E-08 0.65 0.5 0 1.73291E-08 0.65 0.5 0 0 0 1.11825E-11 -1.19759E-11 -3.03393E-12 3.77893E-12 4.43246E-14 4.08801E-15
25 8.8E-08 0.65 0.55 0 1.70266E-08 0.65 0.55 0 0 0 1.10915E-11 -1.19759E-11 -5.01145E-12 5.84341E-12 4.43246E-14 8.18987E-15
25 8.8E-08 0.65 0.6 0 1.78934E-08 0.65 0.6 0 0 0 1.13524E-11 -1.19759E-11 -7.97887E-12 8.53973E-12 4.43246E-14 1.83901E-14
25 8.8E-08 0.65 0.65 0 1.98173E-08 0.65 0.65 0 0 0 1.19316E-11 -1.19759E-11 -1.19759E-11 1.19316E-11 4.43246E-14 4.43246E-14
25 8.8E-08 0.65 0.7 0 2.27798E-08 0.65 0.7 0 0 0 1.28234E-11 -1.19759E-11 -1.71979E-11 1.61957E-11 4.43246E-14 1.10458E-13
25 8.8E-08 0.65 0.75 0 2.68408E-08 0.65 0.75 0 0 0 1.40459E-11 -1.19759E-11 -2.39474E-11 2.15548E-11 4.43246E-14 2.78164E-13
25 8.8E-08 0.65 0.8 0 3.21224E-08 0.65 0.8 0 0 0 1.56359E-11 -1.19759E-11 -3.26631E-11 2.82586E-11 4.43246E-14 7.00015E-13
25 8.8E-08 0.7 0.05 0 2.55173E-08 0.7 0.05 0 0 0 1.71153E-11 -1.71979E-11 -5.59018E-14 2.81062E-14 1.10458E-13 5.42499E-17
25 8.8E-08 0.7 0.1 0 2.55161E-08 0.7 0.1 0 0 0 1.71148E-11 -1.71979E-11 -5.61426E-14 2.86748E-14 1.10458E-13 1.2897E-16
25 8.8E-08 0.7 0.15 0 2.54547E-08 0.7 0.15 0 0 0 1.70942E-11 -1.71979E-11 -1.8474E-14 1.15456E-14 1.10458E-13 2.29067E-16
25 8.8E-08 0.7 0.2 0 2.55142E-08 0.7 0.2 0 0 0 1.71142E-11 -1.71979E-11 -7.10468E-14 4.40149E-14 1.10458E-13 3.605E-16
25 8.8E-08 0.7 0.25 0 2.56666E-08 0.7 0.25 0 0 0 1.71654E-11 -1.71979E-11 -2.16678E-13 1.383E-13 1.10458E-13 5.31108E-16
25 8.8E-08 0.7 0.3 0 2.57989E-08 0.7 0.3 0 0 0 1.72098E-11 -1.71979E-11 -4.462E-13 3.2309E-13 1.10458E-13 7.53678E-16
25 8.8E-08 0.7 0.35 0 2.56885E-08 0.7 0.35 0 0 0 1.71727E-11 -1.71979E-11 -7.80894E-13 6.94676E-13 1.10458E-13 1.0567E-15
25 8.8E-08 0.7 0.4 0 2.49314E-08 0.7 0.4 0 0 0 1.69184E-11 -1.71979E-11 -1.25144E-12 1.41898E-12 1.10458E-13 1.51679E-15
25 8.8E-08 0.7 0.45 0 2.33246E-08 0.7 0.45 0 0 0 1.63787E-11 -1.71979E-11 -1.92429E-12 2.63076E-12 1.10458E-13 2.34318E-15
25 8.8E-08 0.7 0.5 0 2.15595E-08 0.7 0.5 0 0 0 1.57858E-11 -1.71979E-11 -3.03393E-12 4.33162E-12 1.10458E-13 4.08801E-15
25 8.8E-08 0.7 0.55 0 2.07552E-08 0.7 0.55 0 0 0 1.55156E-11 -1.71979E-11 -5.01145E-12 6.57521E-12 1.10458E-13 8.18987E-15
25 8.8E-08 0.7 0.6 0 2.12013E-08 0.7 0.6 0 0 0 1.56655E-11 -1.71979E-11 -7.97887E-12 9.38262E-12 1.10458E-13 1.83901E-14
25 8.8E-08 0.7 0.65 0 2.27798E-08 0.7 0.65 0 0 0 1.61957E-11 -1.71979E-11 -1.19759E-11 1.28234E-11 1.10458E-13 4.43246E-14
25 8.8E-08 0.7 0.7 0 2.54348E-08 0.7 0.7 0 0 0 1.70875E-11 -1.71979E-11 -1.71979E-11 1.70875E-11 1.10458E-13 1.10458E-13
25 8.8E-08 0.7 0.75 0 2.91932E-08 0.7 0.75 0 0 0 1.835E-11 -1.71979E-11 -2.39474E-11 2.24067E-11 1.10458E-13 2.78164E-13
25 8.8E-08 0.7 0.8 0 3.41525E-08 0.7 0.8 0 0 0 2.00159E-11 -1.71979E-11 -3.26631E-11 2.90346E-11 1.10458E-13 7.00015E-13
25 8.8E-08 0.75 0.05 0 3.27557E-08 0.75 0.05 0 0 0 2.36968E-11 -2.39474E-11 -5.59018E-14 2.81587E-14 2.78164E-13 5.42499E-17
25 8.8E-08 0.75 0.1 0 3.27542E-08 0.75 0.1 0 0 0 2.36963E-11 -2.39474E-11 -5.61426E-14 2.88658E-14 2.78164E-13 1.2897E-16
25 8.8E-08 0.75 0.15 0 3.26959E-08 0.75 0.15 0 0 0 2.36752E-11 -2.39474E-11 -1.8474E-14 1.22362E-14 2.78164E-13 2.29067E-16
25 8.8E-08 0.75 0.2 0 3.27462E-08 0.75 0.2 0 0 0 2.36934E-11 -2.39474E-11 -7.10468E-14 4.6471E-14 2.78164E-13 3.605E-16
25 8.8E-08 0.75 0.25 0 3.28709E-08 0.75 0.25 0 0 0 2.37385E-11 -2.39474E-11 -2.16678E-13 1.46782E-13 2.78164E-13 5.31108E-16
25 8.8E-08 0.75 0.3 0 3.29403E-08 0.75 0.3 0 0 0 2.37637E-11 -2.39474E-11 -4.462E-13 3.50878E-13 2.78164E-13 7.53678E-16
25 8.8E-08 0.75 0.35 0 3.26854E-08 0.75 0.35 0 0 0 2.36714E-11 -2.39474E-11 -7.80894E-13 7.77677E-13 2.78164E-13 1.0567E-15
25 8.8E-08 0.75 0.4 0 3.16238E-08 0.75 0.4 0 0 0 2.32869E-11 -2.39474E-11 -1.25144E-12 1.63213E-12 2.78164E-13 1.51679E-15
25 8.8E-08 0.75 0.45 0 2.95011E-08 0.75 0.45 0 0 0 2.25182E-11 -2.39474E-11 -1.92429E-12 3.07292E-12 2.78164E-13 2.34318E-15
25 8.8E-08 0.75 0.5 0 2.70897E-08 0.75 0.5 0 0 0 2.16449E-11 -2.39474E-11 -3.03393E-12 5.05413E-12 2.78164E-13 4.08801E-15
25 8.8E-08 0.75 0.55 0 2.56733E-08 0.75 0.55 0 0 0 2.1132E-11 -2.39474E-11 -5.01145E-12 7.54048E-12 2.78164E-13 8.18987E-15
25 8.8E-08 0.75 0.6 0 2.56337E-08 0.75 0.6 0 0 0 2.11177E-11 -2.39474E-11 -7.97887E-12 1.05121E-11 2.78164E-13 1.83901E-14
25 8.8E-08 0.75 0.65 0 2.68408E-08 0.75 0.65 0 0 0 2.15548E-11 -2.39474E-11 -1.19759E-11 1.40459E-11 2.78164E-13 4.43246E-14
25 8.8E-08 0.75 0.7 0 2.91932E-08 0.75 0.7 0 0 0 2.24067E-11 -2.39474E-11 -1.71979E-11 1.835E-11 2.78164E-13 1.10458E-13
25 8.8E-08 0.75 0.75 0 3.26793E-08 0.75 0.75 0 0 0 2.36692E-11 -2.39474E-11 -2.39474E-11 2.36692E-11 2.78164E-13 2.78164E-13
25 8.8E-08 0.75 0.8 0 3.73699E-08 0.75 0.8 0 0 0 2.53678E-11 -2.39474E-11 -3.26631E-11 3.02643E-11 2.78164E-13 7.00015E-13
25 8.8E-08 0.8 0.05 0 4.18867E-08 0.8 0.05 0 0 0 3.19906E-11 -3.26631E-11 -5.59018E-14 2.82248E-14 7.00015E-13 5.42499E-17
25 8.8E-08 0.8 0.1 0 4.18848E-08 0.8 0.1 0 0 0 3.19899E-11 -3.26631E-11 -5.61426E-14 2.91067E-14 7.00015E-13 1.2897E-16
25 8.8E-08 0.8 0.15 0 4.18279E-08 0.8 0.15 0 0 0 3.19681E-11 -3.26631E-11 -1.8474E-14 1.31071E-14 7.00015E-13 2.29067E-16
25 8.8E-08 0.8 0.2 0 4.18697E-08 0.8 0.2 0 0 0 3.19841E-11 -3.26631E-11 -7.10468E-14 4.95694E-14 7.00015E-13 3.605E-16
25 8.8E-08 0.8 0.25 0 4.1968E-08 0.8 0.25 0 0 0 3.20216E-11 -3.26631E-11 -2.16678E-13 1.57492E-13 7.00015E-13 5.31108E-16
25 8.8E-08 0.8 0.3 0 4.19698E-08 0.8 0.3 0 0 0 3.20223E-11 -3.26631E-11 -4.462E-13 3.86013E-13 7.00015E-13 7.53678E-16
25 8.8E-08 0.8 0.35 0 4.15453E-08 0.8 0.35 0 0 0 3.18601E-11 -3.26631E-11 -7.80894E-13 8.82775E-13 7.00015E-13 1.0567E-15
25 8.8E-08 0.8 0.4 0 4.01074E-08 0.8 0.4 0 0 0 3.13105E-11 -3.26631E-11 -1.25144E-12 1.90232E-12 7.00015E-13 1.51679E-15
25 8.8E-08 0.8 0.45 0 3.73355E-08 0.8 0.45 0 0 0 3.02511E-11 -3.26631E-11 -1.92429E-12 3.63378E-12 7.00015E-13 2.34318E-15
25 8.8E-08 0.8 0.5 0 3.41162E-08 0.8 0.5 0 0 0 2.90207E-11 -3.26631E-11 -3.03393E-12 5.97213E-12 7.00015E-13 4.08801E-15
25 8.8E-08 0.8 0.55 0 3.19519E-08 0.8 0.55 0 0 0 2.81935E-11 -3.26631E-11 -5.01145E-12 8.77277E-12 7.00015E-13 8.18987E-15
25 8.8E-08 0.8 0.6 0 3.13366E-08 0.8 0.6 0 0 0 2.79583E-11 -3.26631E-11 -7.97887E-12 1.19652E-11 7.00015E-13 1.83901E-14
25 8.8E-08 0.8 0.65 0 3.21224E-08 0.8 0.65 0 0 0 2.82586E-11 -3.26631E-11 -1.19759E-11 1.56359E-11 7.00015E-13 4.43246E-14
25 8.8E-08 0.8 0.7 0 3.41525E-08 0.8 0.7 0 0 0 2.90346E-11 -3.26631E-11 -1.71979E-11 2.00159E-11 7.00015E-13 1.10458E-13
25 8.8E-08 0.8 0.75 0 3.73699E-08 0.8 0.75 0 0 0 3.02643E-11 -3.26631E-11 -2.39474E-11 2.53678E-11 7.00015E-13 2.78164E-13
25 8.8E-08 0.8 0.8 0 4.18144E-08 0.8 0.8 0 0 0 3.1963E-11 -3.26631E-11 -3.26631E-11 3.1963E-11 7.00015E-13 7.00015E-13
