
25 4.4E-08 0.01 0.01 0 0 0 -7.96262E-12 4.219E-15 7.9584E-12 1.37106E-18
25 4.4E-08 0.02 0.02 0 0 0 -1.45451E-11 9.11023E-15 1.4536E-11 2.30077E-18
25 4.4E-08 0.03 0.03 0 0 0 -1.98326E-11 1.47093E-14 1.98178E-11 2.93174E-18
25 4.4E-08 0.04 0.04 0 0 0 -2.40632E-11 2.10533E-14 2.40421E-11 3.36062E-18
25 4.4E-08 0.05 0.05 0 0 0 -2.75598E-11 2.81806E-14 2.75316E-11 3.6529E-18
25 4.4E-08 0.06 0.06 0 0 0 -3.06276E-11 3.61309E-14 3.05915E-11 3.8529E-18
25 4.4E-08 0.07 0.07 0 0 0 -3.34925E-11 4.49456E-14 3.34475E-11 3.99064E-18
25 4.4E-08 0.08 0.08 0 0 0 -3.63E-11 5.46677E-14 3.62453E-11 4.08648E-18
25 4.4E-08 0.09 0.09 0 0 0 -3.91402E-11 6.53416E-14 3.90749E-11 4.15423E-18
25 4.4E-08 0.1 0.1 0 0 0 -4.20703E-11 7.70134E-14 4.19933E-11 4.20329E-18
25 4.4E-08 0.11 0.11 0 0 0 -4.5129E-11 8.97309E-14 4.50393E-11 4.24003E-18
25 4.4E-08 0.12 0.12 0 0 0 -4.83453E-11 1.03544E-13 4.82417E-11 4.26884E-18
25 4.4E-08 0.13 0.13 0 0 0 -5.17424E-11 1.18504E-13 5.16239E-11 4.29269E-18
25 4.4E-08 0.14 0.14 0 0 0 -5.5341E-11 1.34663E-13 5.52063E-11 4.31366E-18
25 4.4E-08 0.15 0.15 0 0 0 -5.91602E-11 1.52079E-13 5.90081E-11 4.33319E-18
25 4.4E-08 0.16 0.16 0 0 0 -6.32187E-11 1.70807E-13 6.30479E-11 4.35231E-18
25 4.4E-08 0.17 0.17 0 0 0 -6.75354E-11 1.90906E-13 6.73444E-11 4.37176E-18
25 4.4E-08 0.18 0.18 0 0 0 -7.21293E-11 2.12439E-13 7.19169E-11 4.3921E-18
25 4.4E-08 0.19 0.19 0 0 0 -7.70206E-11 2.3547E-13 7.67851E-11 4.41377E-18
25 4.4E-08 0.2 0.2 0 0 0 -8.22301E-11 2.60063E-13 8.197E-11 4.43713E-18
25 4.4E-08 0.21 0.21 0 0 0 -8.77797E-11 2.86287E-13 8.74934E-11 4.4625E-18
25 4.4E-08 0.22 0.22 0 0 0 -9.36927E-11 3.14213E-13 9.33784E-11 4.49016E-18
25 4.4E-08 0.23 0.23 0 0 0 -9.99935E-11 3.43914E-13 9.96496E-11 4.52038E-18
25 4.4E-08 0.24 0.24 0 0 0 -1.06708E-10 3.75466E-13 1.06333E-10 4.55346E-18
25 4.4E-08 0.25 0.25 0 0 0 -1.13865E-10 4.08948E-13 1.13456E-10 4.58966E-18
25 4.4E-08 0.26 0.26 0 0 0 -1.21492E-10 4.44439E-13 1.21048E-10 4.62929E-18
25 4.4E-08 0.27 0.27 0 0 0 -1.29622E-10 4.82025E-13 1.2914E-10 4.67265E-18
25 4.4E-08 0.28 0.28 0 0 0 -1.38288E-10 5.21792E-13 1.37766E-10 4.72008E-18
25 4.4E-08 0.29 0.29 0 0 0 -1.47524E-10 5.63829E-13 1.4696E-10 4.77193E-18
25 4.4E-08 0.3 0.3 0 0 0 -1.57369E-10 6.08231E-13 1.56761E-10 4.82858E-18
25 4.4E-08 0.31 0.31 0 0 0 -1.67863E-10 6.55092E-13 1.67208E-10 4.89045E-18
25 4.4E-08 0.32 0.32 0 0 0 -1.79049E-10 7.04513E-13 1.78344E-10 4.95798E-18
25 4.4E-08 0.33 0.33 0 0 0 -1.90971E-10 7.56596E-13 1.90214E-10 5.03164E-18
25 4.4E-08 0.34 0.34 0 0 0 -2.03679E-10 8.11447E-13 2.02868E-10 5.11195E-18
25 4.4E-08 0.35 0.35 0 0 0 -2.17225E-10 8.69177E-13 2.16356E-10 5.19947E-18
25 4.4E-08 0.36 0.36 0 0 0 -2.31663E-10 9.29898E-13 2.30733E-10 5.2948E-18
25 4.4E-08 0.37 0.37 0 0 0 -2.47052E-10 9.93728E-13 2.46058E-10 5.39858E-18
25 4.4E-08 0.38 0.38 0 0 0 -2.63455E-10 1.06079E-12 2.62394E-10 5.51151E-18
25 4.4E-08 0.39 0.39 0 0 0 -2.80938E-10 1.13121E-12 2.79807E-10 5.63435E-18
25 4.4E-08 0.4 0.4 0 0 0 -2.99573E-10 1.20511E-12 2.98368E-10 5.76791E-18
25 4.4E-08 0.41 0.41 0 0 0 -3.19436E-10 1.28263E-12 3.18153E-10 5.91306E-18
25 4.4E-08 0.42 0.42 0 0 0 -3.40608E-10 1.36391E-12 3.39244E-10 6.07074E-18
25 4.4E-08 0.43 0.43 0 0 0 -3.63175E-10 1.44909E-12 3.61726E-10 6.24198E-18
25 4.4E-08 0.44 0.44 0 0 0 -3.87231E-10 1.53831E-12 3.85692E-10 6.42787E-18
25 4.4E-08 0.45 0.45 0 0 0 -4.12873E-10 1.63174E-12 4.11241E-10 6.62959E-18
25 4.4E-08 0.46 0.46 0 0 0 -4.40208E-10 1.72952E-12 4.38479E-10 6.84841E-18
25 4.4E-08 0.47 0.47 0 0 0 -4.69348E-10 1.83183E-12 4.67517E-10 7.08571E-18
25 4.4E-08 0.48 0.48 0 0 0 -5.00415E-10 1.93882E-12 4.98476E-10 7.34295E-18
25 4.4E-08 0.49 0.49 0 0 0 -5.33537E-10 2.05067E-12 5.31486E-10 7.62173E-18
25 4.4E-08 0.5 0.5 0 0 0 -5.68852E-10 2.16756E-12 5.66684E-10 7.92376E-18
25 4.4E-08 0.51 0.51 0 0 0 -6.06508E-10 2.28968E-12 6.04219E-10 8.25087E-18
25 4.4E-08 0.52 0.52 0 0 0 -6.46664E-10 2.41721E-12 6.44247E-10 8.60505E-18
25 4.4E-08 0.53 0.53 0 0 0 -6.8949E-10 2.55036E-12 6.86939E-10 8.98842E-18
25 4.4E-08 0.54 0.54 0 0 0 -7.35166E-10 2.68931E-12 7.32476E-10 9.40327E-18
25 4.4E-08 0.55 0.55 0 0 0 -7.83888E-10 2.8343E-12 7.81053E-10 9.85207E-18
25 4.4E-08 0.56 0.56 0 0 0 -8.35864E-10 2.98552E-12 8.32878E-10 1.03375E-17
25 4.4E-08 0.57 0.57 0 0 0 -8.91318E-10 3.14321E-12 8.88175E-10 1.08623E-17
25 4.4E-08 0.58 0.58 0 0 0 -9.5049E-10 3.30759E-12 9.47183E-10 1.14297E-17
25 4.4E-08 0.59 0.59 0 0 0 -1.01364E-09 3.4789E-12 1.01016E-09 1.20428E-17
25 4.4E-08 0.6 0.6 0 0 0 -1.08104E-09 3.65738E-12 1.07738E-09 1.27053E-17
25 4.4E-08 0.61 0.61 0 0 0 -1.15299E-09 3.8433E-12 1.14915E-09 1.34209E-17
25 4.4E-08 0.62 0.62 0 0 0 -1.22981E-09 4.03691E-12 1.22577E-09 1.41937E-17
25 4.4E-08 0.63 0.63 0 0 0 -1.31183E-09 4.23847E-12 1.30759E-09 1.50281E-17
25 4.4E-08 0.64 0.64 0 0 0 -1.39944E-09 4.44827E-12 1.39499E-09 1.59287E-17
25 4.4E-08 0.65 0.65 0 0 0 -1.49301E-09 4.66659E-12 1.48835E-09 1.69007E-17
25 4.4E-08 0.66 0.66 0 0 0 -1.59299E-09 4.89373E-12 1.58809E-09 1.79495E-17
25 4.4E-08 0.67 0.67 0 0 0 -1.69982E-09 5.12999E-12 1.69469E-09 1.90808E-17
25 4.4E-08 0.68 0.68 0 0 0 -1.81399E-09 5.37568E-12 1.80861E-09 2.0301E-17
25 4.4E-08 0.69 0.69 0 0 0 -1.93603E-09 5.63113E-12 1.9304E-09 2.16166E-17
25 4.4E-08 0.7 0.7 0 0 0 -2.06651E-09 5.89667E-12 2.06062E-09 2.3035E-17
25 4.4E-08 0.71 0.71 0 0 0 -2.20604E-09 6.17264E-12 2.19987E-09 2.45637E-17
25 4.4E-08 0.72 0.72 0 0 0 -2.35528E-09 6.4594E-12 2.34882E-09 2.62111E-17
25 4.4E-08 0.73 0.73 0 0 0 -2.51493E-09 6.75731E-12 2.50817E-09 2.7986E-17
25 4.4E-08 0.74 0.74 0 0 0 -2.68575E-09 7.06675E-12 2.67868E-09 2.98978E-17
25 4.4E-08 0.75 0.75 0 0 0 -2.86855E-09 7.38811E-12 2.86117E-09 3.19569E-17
25 4.4E-08 0.76 0.76 0 0 0 -3.06423E-09 7.72179E-12 3.05651E-09 3.41739E-17
25 4.4E-08 0.77 0.77 0 0 0 -3.27372E-09 8.06819E-12 3.26566E-09 3.65607E-17
25 4.4E-08 0.78 0.78 0 0 0 -3.49805E-09 8.42774E-12 3.48963E-09 3.91298E-17
25 4.4E-08 0.79 0.79 0 0 0 -3.73832E-09 8.80089E-12 3.72952E-09 4.18944E-17
25 4.4E-08 0.8 0.8 0 0 0 -3.99569E-09 9.18807E-12 3.9865E-09 4.4869E-17
