
25 6.6E-08 0.01 0.01 0 0 0 -1.31241E-11 6.94894E-15 1.31171E-11 1.95459E-18
25 6.6E-08 0.02 0.02 0 0 0 -2.39771E-11 1.50051E-14 2.39621E-11 3.28012E-18
25 6.6E-08 0.03 0.03 0 0 0 -3.26969E-11 2.42272E-14 3.26726E-11 4.17992E-18
25 6.6E-08 0.04 0.04 0 0 0 -3.96741E-11 3.46761E-14 3.96394E-11 4.79182E-18
25 6.6E-08 0.05 0.05 0 0 0 -4.544E-11 4.6415E-14 4.53936E-11 5.20917E-18
25 6.6E-08 0.06 0.06 0 0 0 -5.04976E-11 5.95097E-14 5.04381E-11 5.49515E-18
25 6.6E-08 0.07 0.07 0 0 0 -5.52197E-11 7.40281E-14 5.51456E-11 5.69258E-18
25 6.6E-08 0.08 0.08 0 0 0 -5.98467E-11 9.00409E-14 5.97566E-11 5.83046E-18
25 6.6E-08 0.09 0.09 0 0 0 -6.45274E-11 1.07621E-13 6.44197E-11 5.92851E-18
25 6.6E-08 0.1 0.1 0 0 0 -6.93561E-11 1.26846E-13 6.92292E-11 6.0001E-18
25 6.6E-08 0.11 0.11 0 0 0 -7.43969E-11 1.47792E-13 7.42491E-11 6.05437E-18
25 6.6E-08 0.12 0.12 0 0 0 -7.96974E-11 1.70543E-13 7.95268E-11 6.09755E-18
25 6.6E-08 0.13 0.13 0 0 0 -8.52961E-11 1.95182E-13 8.51009E-11 6.13393E-18
25 6.6E-08 0.14 0.14 0 0 0 -9.12268E-11 2.21799E-13 9.1005E-11 6.16649E-18
25 6.6E-08 0.15 0.15 0 0 0 -9.75213E-11 2.50483E-13 9.72709E-11 6.1973E-18
25 6.6E-08 0.16 0.16 0 0 0 -1.0421E-10 2.81328E-13 1.03929E-10 6.22785E-18
25 6.6E-08 0.17 0.17 0 0 0 -1.11325E-10 3.14434E-13 1.1101E-10 6.25923E-18
25 6.6E-08 0.18 0.18 0 0 0 -1.18897E-10 3.499E-13 1.18547E-10 6.29227E-18
25 6.6E-08 0.19 0.19 0 0 0 -1.26958E-10 3.87832E-13 1.26571E-10 6.32764E-18
25 6.6E-08 0.2 0.2 0 0 0 -1.35545E-10 4.28339E-13 1.35116E-10 6.36588E-18
25 6.6E-08 0.21 0.21 0 0 0 -1.44692E-10 4.71532E-13 1.4422E-10 6.40749E-18
25 6.6E-08 0.22 0.22 0 0 0 -1.54438E-10 5.17528E-13 1.5392E-10 6.45291E-18
25 6.6E-08 0.23 0.23 0 0 0 -1.64823E-10 5.66447E-13 1.64257E-10 6.5026E-18
25 6.6E-08 0.24 0.24 0 0 0 -1.75891E-10 6.18415E-13 1.75272E-10 6.55699E-18
25 6.6E-08 0.25 0.25 0 0 0 -1.87687E-10 6.73561E-13 1.87013E-10 6.61656E-18
25 6.6E-08 0.26 0.26 0 0 0 -2.00259E-10 7.32017E-13 1.99527E-10 6.68177E-18
25 6.6E-08 0.27 0.27 0 0 0 -2.13659E-10 7.93923E-13 2.12865E-10 6.75315E-18
25 6.6E-08 0.28 0.28 0 0 0 -2.27942E-10 8.59422E-13 2.27083E-10 6.83123E-18
25 6.6E-08 0.29 0.29 0 0 0 -2.43166E-10 9.2866E-13 2.42238E-10 6.9166E-18
25 6.6E-08 0.3 0.3 0 0 0 -2.59394E-10 1.00179E-12 2.58392E-10 7.00989E-18
25 6.6E-08 0.31 0.31 0 0 0 -2.76691E-10 1.07898E-12 2.75612E-10 7.11178E-18
25 6.6E-08 0.32 0.32 0 0 0 -2.95128E-10 1.16037E-12 2.93968E-10 7.22299E-18
25 6.6E-08 0.33 0.33 0 0 0 -3.1478E-10 1.24616E-12 3.13534E-10 7.34431E-18
25 6.6E-08 0.34 0.34 0 0 0 -3.35727E-10 1.3365E-12 3.34391E-10 7.47659E-18
25 6.6E-08 0.35 0.35 0 0 0 -3.58055E-10 1.43158E-12 3.56623E-10 7.62075E-18
25 6.6E-08 0.36 0.36 0 0 0 -3.81853E-10 1.5316E-12 3.80321E-10 7.77778E-18
25 6.6E-08 0.37 0.37 0 0 0 -4.07219E-10 1.63673E-12 4.05583E-10 7.94874E-18
25 6.6E-08 0.38 0.38 0 0 0 -4.34257E-10 1.74718E-12 4.32509E-10 8.13479E-18
25 6.6E-08 0.39 0.39 0 0 0 -4.63075E-10 1.86316E-12 4.61212E-10 8.33715E-18
25 6.6E-08 0.4 0.4 0 0 0 -4.93792E-10 1.98488E-12 4.91807E-10 8.55718E-18
25 6.6E-08 0.41 0.41 0 0 0 -5.26533E-10 2.11256E-12 5.24421E-10 8.79632E-18
25 6.6E-08 0.42 0.42 0 0 0 -5.61432E-10 2.24643E-12 5.59186E-10 9.05612E-18
25 6.6E-08 0.43 0.43 0 0 0 -5.98631E-10 2.38673E-12 5.96245E-10 9.33826E-18
25 6.6E-08 0.44 0.44 0 0 0 -6.38283E-10 2.53369E-12 6.3575E-10 9.64454E-18
25 6.6E-08 0.45 0.45 0 0 0 -6.80552E-10 2.68757E-12 6.77864E-10 9.97691E-18
25 6.6E-08 0.46 0.46 0 0 0 -7.2561E-10 2.84862E-12 7.22761E-10 1.03375E-17
25 6.6E-08 0.47 0.47 0 0 0 -7.73644E-10 3.01712E-12 7.70627E-10 1.07285E-17
25 6.6E-08 0.48 0.48 0 0 0 -8.24853E-10 3.19335E-12 8.2166E-10 1.11524E-17
25 6.6E-08 0.49 0.49 0 0 0 -8.7945E-10 3.37757E-12 8.76073E-10 1.16117E-17
25 6.6E-08 0.5 0.5 0 0 0 -9.37663E-10 3.5701E-12 9.34093E-10 1.21094E-17
25 6.6E-08 0.51 0.51 0 0 0 -9.99736E-10 3.77124E-12 9.95964E-10 1.26485E-17
25 6.6E-08 0.52 0.52 0 0 0 -1.06593E-09 3.98129E-12 1.06195E-09 1.32321E-17
25 6.6E-08 0.53 0.53 0 0 0 -1.13652E-09 4.20058E-12 1.13232E-09 1.38639E-17
25 6.6E-08 0.54 0.54 0 0 0 -1.21181E-09 4.42946E-12 1.20738E-09 1.45475E-17
25 6.6E-08 0.55 0.55 0 0 0 -1.29213E-09 4.66825E-12 1.28746E-09 1.52871E-17
25 6.6E-08 0.56 0.56 0 0 0 -1.3778E-09 4.91733E-12 1.37289E-09 1.60871E-17
25 6.6E-08 0.57 0.57 0 0 0 -1.46921E-09 5.17704E-12 1.46404E-09 1.6952E-17
25 6.6E-08 0.58 0.58 0 0 0 -1.56675E-09 5.44779E-12 1.56131E-09 1.7887E-17
25 6.6E-08 0.59 0.59 0 0 0 -1.67085E-09 5.72995E-12 1.66512E-09 1.88975E-17
25 6.6E-08 0.6 0.6 0 0 0 -1.78195E-09 6.02393E-12 1.77593E-09 1.99892E-17
25 6.6E-08 0.61 0.61 0 0 0 -1.90055E-09 6.33014E-12 1.89422E-09 2.11686E-17
25 6.6E-08 0.62 0.62 0 0 0 -2.02718E-09 6.64902E-12 2.02053E-09 2.24422E-17
25 6.6E-08 0.63 0.63 0 0 0 -2.16239E-09 6.98101E-12 2.15541E-09 2.38173E-17
25 6.6E-08 0.64 0.64 0 0 0 -2.3068E-09 7.32656E-12 2.29947E-09 2.53017E-17
25 6.6E-08 0.65 0.65 0 0 0 -2.46105E-09 7.68615E-12 2.45337E-09 2.69037E-17
25 6.6E-08 0.66 0.66 0 0 0 -2.62585E-09 8.06026E-12 2.61779E-09 2.86322E-17
25 6.6E-08 0.67 0.67 0 0 0 -2.80195E-09 8.44939E-12 2.7935E-09 3.04968E-17
25 6.6E-08 0.68 0.68 0 0 0 -2.99015E-09 8.85406E-12 2.98129E-09 3.25077E-17
25 6.6E-08 0.69 0.69 0 0 0 -3.19132E-09 9.2748E-12 3.18205E-09 3.46761E-17
25 6.6E-08 0.7 0.7 0 0 0 -3.40641E-09 9.71215E-12 3.3967E-09 3.70137E-17
25 6.6E-08 0.71 0.71 0 0 0 -3.63641E-09 1.01667E-11 3.62624E-09 3.95333E-17
25 6.6E-08 0.72 0.72 0 0 0 -3.88241E-09 1.0639E-11 3.87177E-09 4.22485E-17
25 6.6E-08 0.73 0.73 0 0 0 -4.14557E-09 1.11297E-11 4.13444E-09 4.51738E-17
25 6.6E-08 0.74 0.74 0 0 0 -4.42715E-09 1.16394E-11 4.41551E-09 4.83249E-17
25 6.6E-08 0.75 0.75 0 0 0 -4.72849E-09 1.21687E-11 4.71632E-09 5.17186E-17
25 6.6E-08 0.76 0.76 0 0 0 -5.05104E-09 1.27182E-11 5.03832E-09 5.53728E-17
25 6.6E-08 0.77 0.77 0 0 0 -5.39636E-09 1.32888E-11 5.38307E-09 5.93068E-17
25 6.6E-08 0.78 0.78 0 0 0 -5.76614E-09 1.3881E-11 5.75226E-09 6.35411E-17
25 6.6E-08 0.79 0.79 0 0 0 -6.16218E-09 1.44956E-11 6.14768E-09 6.80978E-17
25 6.6E-08 0.8 0.8 0 0 0 -6.58643E-09 1.51333E-11 6.5713E-09 7.30006E-17
