
25 2.2E-08 0.05 0.05 0.8 0.8 0.05 0.05 0.8 0.8 0.8 -2.48503E-14 4.95929E-14 4.95929E-14 -7.42375E-14 -4.93872E-14 -4.94172E-14
25 2.2E-08 0.05 0.1 0.8 0.8 0.05 0.1 0.8 0.8 0.8 -9.14917E-15 4.95929E-14 1.94154E-14 -5.98165E-14 -4.93872E-14 -1.934E-14
25 2.2E-08 0.05 0.15 0.8 0.8 0.05 0.15 0.8 0.8 0.8 -3.29636E-15 4.95929E-14 7.78128E-15 -5.38582E-14 -4.93872E-14 -7.56158E-15
25 2.2E-08 0.05 0.2 0.8 0.8 0.05 0.2 0.8 0.8 0.8 -6.15503E-13 -2.908E-13 -3.45445E-13 1.25153E-12 -4.16939E-12 3.64884E-12
25 2.2E-08 0.05 0.25 0.8 0.8 0.05 0.25 0.8 0.8 0.8 -2.79771E-12 -7.28092E-13 -7.85404E-13 4.31114E-12 -9.47044E-12 8.47457E-12
25 2.2E-08 0.05 0.3 0.8 0.8 0.05 0.3 0.8 0.8 0.8 -2.39734E-12 -3.67711E-13 -4.21877E-13 3.18736E-12 -5.10833E-12 4.62787E-12
25 2.2E-08 0.05 0.35 0.8 0.8 0.05 0.35 0.8 0.8 0.8 -2.80853E-12 -3.04823E-13 -3.66484E-13 3.47971E-12 -4.34928E-12 3.98796E-12
25 2.2E-08 0.05 0.4 0.8 0.8 0.05 0.4 0.8 0.8 0.8 -2.64096E-12 -2.24929E-13 -2.88187E-13 3.15384E-12 -3.38196E-12 3.10996E-12
25 2.2E-08 0.05 0.45 0.8 0.8 0.05 0.45 0.8 0.8 0.8 -2.27207E-12 -1.65055E-13 -2.2566E-13 2.66251E-12 -2.65611E-12 2.4371E-12
25 2.2E-08 0.05 0.5 0.8 0.8 0.05 0.5 0.8 0.8 0.8 -3.67132E-13 1.61964E-14 -3.47361E-14 3.8566E-13 -4.54851E-13 3.79131E-13
25 2.2E-08 0.05 0.55 0.8 0.8 0.05 0.55 0.8 0.8 0.8 -4.35789E-19 4.95929E-14 5.07675E-16 -4.95222E-14 -4.93872E-14 6.7817E-18
25 2.2E-08 0.05 0.6 0.8 0.8 0.05 0.6 0.8 0.8 0.8 -1.33445E-19 4.95929E-14 7.92296E-17 -4.95282E-14 -4.93872E-14 7.1432E-19
25 2.2E-08 0.05 0.65 0.8 0.8 0.05 0.65 0.8 0.8 0.8 -2.56358E-12 -1.79201E-13 -2.30128E-13 2.97325E-12 -2.8288E-12 2.60289E-12
25 2.2E-08 0.05 0.7 0.8 0.8 0.05 0.7 0.8 0.8 0.8 -1.75477E-12 -1.06996E-13 -1.53307E-13 2.01589E-12 -1.95138E-12 1.78176E-12
25 2.2E-08 0.05 0.75 0.8 0.8 0.05 0.75 0.8 0.8 0.8 -2.05902E-12 -1.34119E-13 -1.75337E-13 2.36844E-12 -2.281E-12 2.09119E-12
25 2.2E-08 0.05 0.8 0.8 0.8 0.05 0.8 0.8 0.8 0.8 -4.47706E-23 4.95929E-14 -1.10518E-16 -4.94719E-14 -4.93872E-14 5.69804E-17
25 2.2E-08 0.1 0.05 0.8 0.8 0.1 0.05 0.8 0.8 0.8 -2.64372E-14 1.94154E-14 4.95929E-14 -4.25844E-14 -1.93709E-14 -4.94123E-14
25 2.2E-08 0.1 0.1 0.8 0.8 0.1 0.1 0.8 0.8 0.8 -9.77217E-15 1.94154E-14 1.94154E-14 -2.91431E-14 -1.93709E-14 -1.93509E-14
25 2.2E-08 0.1 0.15 0.8 0.8 0.1 0.15 0.8 0.8 0.8 -3.50672E-15 1.94154E-14 7.78128E-15 -2.35343E-14 -1.93709E-14 -7.50935E-15
25 2.2E-08 0.1 0.2 0.8 0.8 0.1 0.2 0.8 0.8 0.8 -8.0071E-13 -7.18077E-13 -7.62564E-13 2.28131E-12 -9.01831E-12 8.02615E-12
25 2.2E-08 0.1 0.25 0.8 0.8 0.1 0.25 0.8 0.8 0.8 -2.37647E-12 -7.81857E-13 -8.20707E-13 3.97889E-12 -9.80388E-12 8.85838E-12
25 2.2E-08 0.1 0.3 0.8 0.8 0.1 0.3 0.8 0.8 0.8 -1.38121E-16 1.94154E-14 7.77661E-16 -1.98372E-14 -1.93709E-14 -4.94243E-16
25 2.2E-08 0.1 0.35 0.8 0.8 0.1 0.35 0.8 0.8 0.8 -3.25889E-12 -4.05884E-13 -4.46193E-13 4.11098E-12 -5.22342E-12 4.85779E-12
25 2.2E-08 0.1 0.4 0.8 0.8 0.1 0.4 0.8 0.8 0.8 -1.41152E-17 1.94154E-14 1.42815E-16 -1.95776E-14 -1.93709E-14 -1.20107E-16
25 2.2E-08 0.1 0.45 0.8 0.8 0.1 0.45 0.8 0.8 0.8 -2.96212E-12 -2.58274E-13 -2.96266E-13 3.51665E-12 -3.42215E-12 3.20203E-12
25 2.2E-08 0.1 0.5 0.8 0.8 0.1 0.5 0.8 0.8 0.8 -2.61026E-12 -2.14853E-13 -2.48769E-13 3.07384E-12 -2.89027E-12 2.70325E-12
25 2.2E-08 0.1 0.55 0.8 0.8 0.1 0.55 0.8 0.8 0.8 -4.50249E-19 1.94154E-14 5.07675E-16 -1.94808E-14 -1.93709E-14 -1.30753E-17
25 2.2E-08 0.1 0.6 0.8 0.8 0.1 0.6 0.8 0.8 0.8 -3.20544E-12 -2.62641E-13 -2.93663E-13 3.76174E-12 -3.47703E-12 3.25796E-12
25 2.2E-08 0.1 0.65 0.8 0.8 0.1 0.65 0.8 0.8 0.8 -2.68202E-12 -2.16206E-13 -2.40952E-13 3.13953E-12 -2.90899E-12 2.72338E-12
25 2.2E-08 0.1 0.7 0.8 0.8 0.1 0.7 0.8 0.8 0.8 -1.32916E-12 -9.72574E-14 -1.16405E-13 1.54321E-12 -1.45086E-12 1.3496E-12
25 2.2E-08 0.1 0.75 0.8 0.8 0.1 0.75 0.8 0.8 0.8 -7.33422E-20 1.94769E-14 3.17928E-16 -1.94075E-14 -1.93635E-14 5.27548E-17
25 2.2E-08 0.1 0.8 0.8 0.8 0.1 0.8 0.8 0.8 0.8 3.70248E-24 1.94769E-14 -1.10518E-16 -1.94108E-14 -1.93635E-14 4.93758E-17
25 2.2E-08 0.15 0.05 0.8 0.8 0.15 0.05 0.8 0.8 0.8 -2.8511E-14 7.78128E-15 4.95929E-14 -2.87253E-14 -7.5942E-15 -4.94364E-14
25 2.2E-08 0.15 0.1 0.8 0.8 0.15 0.1 0.8 0.8 0.8 9.49261E-13 -3.77602E-13 -3.97888E-13 -1.73738E-13 -4.74812E-12 4.15598E-12
25 2.2E-08 0.15 0.15 0.8 0.8 0.15 0.15 0.8 0.8 0.8 9.2312E-13 -6.57075E-13 -7.04064E-13 4.38218E-13 -8.19172E-12 7.26848E-12
25 2.2E-08 0.15 0.2 0.8 0.8 0.15 0.2 0.8 0.8 0.8 -6.70056E-14 -7.75532E-13 -8.24314E-13 1.6668E-12 -9.65721E-12 8.67678E-12
25 2.2E-08 0.15 0.25 0.800001 0.8 0.15 0.25 0.8 0.8 0.800001 -1.6806E-12 -8.06037E-13 -8.47892E-13 3.33459E-12 -1.00403E-11 9.15717E-12
25 2.2E-08 0.15 0.3 0.8 0.8 0.15 0.3 0.8 0.8 0.8 -6.50108E-13 -1.34785E-13 -1.48308E-13 9.33561E-13 -1.76737E-12 1.63286E-12
25 2.2E-08 0.15 0.35 0.8 0.8 0.15 0.35 0.8 0.8 0.8 -1.36951E-12 -1.81405E-13 -2.01653E-13 1.75292E-12 -2.34555E-12 2.19988E-12
25 2.2E-08 0.15 0.4 0.8 0.8 0.15 0.4 0.8 0.8 0.8 -6.51321E-13 -6.1226E-14 -7.48919E-14 7.87303E-13 -8.61386E-13 8.0817E-13
25 2.2E-08 0.15 0.45 0.8 0.8 0.15 0.45 0.8 0.8 0.8 -3.72171E-18 7.78128E-15 -6.35855E-17 -7.70174E-15 -7.5942E-15 -4.49502E-17
25 2.2E-08 0.15 0.5 0.800001 0.8 0.15 0.5 0.8 0.8 0.800001 -6.00984E-12 -5.23612E-13 -5.75232E-13 7.10855E-12 -6.58926E-12 6.24802E-12
25 2.2E-08 0.15 0.55 0.8 0.8 0.15 0.55 0.8 0.8 0.8 -3.77054E-19 7.78128E-15 5.07675E-16 -7.65628E-15 -7.5942E-15 2.12826E-18
25 2.2E-08 0.15 0.6 0.8 0.8 0.15 0.6 0.8 0.8 0.8 -1.08471E-19 7.78128E-15 7.92296E-17 -7.65148E-15 -7.5942E-15 6.81004E-18
25 2.2E-08 0.15 0.65 0.8 0.8 0.15 0.65 0.8 0.8 0.8 -2.37367E-20 7.78128E-15 1.42815E-16 -7.63639E-15 -7.5942E-15 2.18646E-17
25 2.2E-08 0.15 0.7 0.8 0.8 0.15 0.7 0.8 0.8 0.8 -6.92254E-20 7.78128E-15 2.06401E-16 -7.62808E-15 -7.5942E-15 3.02155E-17
25 2.2E-08 0.15 0.75 0.8 0.8 0.15 0.75 0.8 0.8 0.8 -7.3315E-20 7.65827E-15 3.17928E-16 -7.61356E-15 -7.5868E-15 3.73385E-17
25 2.2E-08 0.15 0.8 0.8 0.8 0.15 0.8 0.8 0.8 0.8 7.49221E-23 7.65827E-15 -1.10518E-16 -7.60157E-15 -7.5868E-15 4.92586E-17
25 2.2E-08 0.2 0.05 0.8 0.8 0.2 0.05 0.8 0.8 0.8 -3.12E-14 3.15858E-15 4.95929E-14 -2.13888E-14 -2.98493E-15 -4.94214E-14
25 2.2E-08 0.2 0.1 0.8 0.8 0.2 0.1 0.8 0.8 0.8 -1.16463E-14 3.15858E-15 1.94154E-14 -1.0801E-14 -2.98493E-15 -1.9325E-14
25 2.2E-08 0.2 0.15 0.8 0.8 0.2 0.15 0.8 0.8 0.8 -4.26475E-15 3.15858E-15 7.78128E-15 -6.37465E-15 -2.98493E-15 -7.54978E-15
25 2.2E-08 0.2 0.2 0.8 0.8 0.2 0.2 0.8 0.8 0.8 1.01754E-12 -7.55922E-13 -8.15949E-13 5.54155E-13 -9.46038E-12 8.59321E-12
25 2.2E-08 0.2 0.25 0.8 0.8 0.2 0.25 0.8 0.8 0.8 -5.20248E-16 3.15858E-15 1.23008E-15 -3.70232E-15 -2.98493E-15 -1.17262E-15
25 2.2E-08 0.2 0.3 0.8 0.8 0.2 0.3 0.8 0.8 0.8 -7.29864E-13 -2.08292E-13 -2.25064E-13 1.16319E-12 -2.64201E-12 2.47469E-12
25 2.2E-08 0.2 0.35 0.8 0.8 0.2 0.35 0.8 0.8 0.8 -5.33106E-17 3.15858E-15 7.92296E-17 -3.20142E-15 -2.98493E-15 -2.22039E-16
25 2.2E-08 0.2 0.4 0.800001 0.8 0.2 0.4 0.8 0.8 0.800001 -4.39455E-12 -4.75956E-13 -5.32234E-13 5.40267E-12 -6.01002E-12 5.74779E-12
25 2.2E-08 0.2 0.45 0.8 0.8 0.2 0.45 0.8 0.8 0.8 -4.32321E-18 3.15858E-15 -6.35855E-17 -3.07938E-15 -2.98493E-15 -5.58353E-17
25 2.2E-08 0.2 0.5 0.8 0.8 0.2 0.5 0.8 0.8 0.8 -8.24379E-19 3.15858E-15 -2.93957E-16 -3.0206E-15 -2.98493E-15 5.37867E-18
25 2.2E-08 0.2 0.55 0.8 0.8 0.2 0.55 0.8 0.8 0.8 -4.0391E-19 3.15858E-15 5.07675E-16 -3.03559E-15 -2.98493E-15 -9.84577E-18
25 2.2E-08 0.2 0.6 0.8 0.8 0.2 0.6 0.8 0.8 0.8 -1.34034E-19 3.15858E-15 7.92296E-17 -3.04722E-15 -2.98493E-15 -2.15953E-17
25 2.2E-08 0.2 0.65 0.8 0.8 0.2 0.65 0.8 0.8 0.8 -2.77703E-20 3.15858E-15 1.42815E-16 -3.02623E-15 -2.98493E-15 -6.18196E-19
25 2.2E-08 0.2 0.7 0.8 0.8 0.2 0.7 0.8 0.8 0.8 -7.05724E-20 3.15858E-15 2.06401E-16 -3.02315E-15 -2.98493E-15 2.50479E-18
25 2.2E-08 0.2 0.75 0.8 0.8 0.2 0.75 0.8 0.8 0.8 -7.28474E-20 3.03558E-15 3.17928E-16 -2.97906E-15 -2.98493E-15 4.66048E-17
25 2.2E-08 0.2 0.8 0.8 0.8 0.2 0.8 0.8 0.8 0.8 2.45665E-22 3.03558E-15 -1.10518E-16 -2.96024E-15 -2.98493E-15 6.53505E-17
25 2.2E-08 0.25 0.05 0.8 0.8 0.25 0.05 0.8 0.8 0.8 -3.46832E-14 1.23008E-15 4.95929E-14 -1.61192E-14 -1.20857E-15 -4.94278E-14
25 2.2E-08 0.25 0.1 0.8 0.8 0.25 0.1 0.8 0.8 0.8 -1.30569E-14 1.23008E-15 1.94154E-14 -7.59391E-15 -1.20857E-15 -1.93212E-14
25 2.2E-08 0.25 0.15 0.8 0.8 0.25 0.15 0.8 0.8 0.8 -4.82785E-15 1.23008E-15 7.78128E-15 -4.0033E-15 -1.20857E-15 -7.5342E-15
25 2.2E-08 0.25 0.2 0.8 0.8 0.25 0.2 0.8 0.8 0.8 -1.73547E-15 1.23008E-15 3.15858E-15 -2.47086E-15 -1.20857E-15 -2.93274E-15
25 2.2E-08 0.25 0.25 0.800001 0.8 0.25 0.25 0.8 0.8 0.800001 1.17148E-12 -9.18621E-13 -1.00399E-12 7.51177E-13 -1.16135E-11 1.08577E-11
25 2.2E-08 0.25 0.3 0.8 0.8 0.25 0.3 0.8 0.8 0.8 -2.1677E-16 1.23008E-15 7.77661E-16 -1.54809E-15 -1.20857E-15 -5.18455E-16
25 2.2E-08 0.25 0.35 0.8 0.8 0.25 0.35 0.8 0.8 0.8 -5.92435E-17 1.23008E-15 7.92296E-17 -1.38078E-15 -1.20857E-15 -1.99983E-16
25 2.2E-08 0.25 0.4 0.8 0.8 0.25 0.4 0.8 0.8 0.8 -1.99152E-17 1.23008E-15 1.42815E-16 -1.33545E-15 -1.20857E-15 -1.18445E-16
25 2.2E-08 0.25 0.45 0.8 0.8 0.25 0.45 0.8 0.8 0.8 -6.87809E-18 1.23008E-15 -6.35855E-17 -1.31814E-15 -1.20857E-15 -8.98053E-17
25 2.2E-08 0.25 0.5 0.8 0.8 0.25 0.5 0.8 0.8 0.8 -1.18924E-18 1.23008E-15 -2.93957E-16 -1.25079E-15 -1.20857E-15 -1.78273E-17
25 2.2E-08 0.25 0.55 0.8 0.8 0.25 0.55 0.8 0.8 0.8 -9.4182E-13 -7.66338E-14 -8.80578E-14 1.10688E-12 -9.9596E-13 9.67456E-13
25 2.2E-08 0.25 0.6 0.8 0.8 0.25 0.6 0.8 0.8 0.8 -9.48254E-20 1.23008E-15 7.92296E-17 -1.22691E-15 -1.20857E-15 6.09761E-18
25 2.2E-08 0.25 0.65 0.8 0.8 0.25 0.65 0.8 0.8 0.8 -2.97026E-20 1.23008E-15 1.42815E-16 -1.24053E-15 -1.20857E-15 -7.58283E-18
25 2.2E-08 0.25 0.7 0.8 0.8 0.25 0.7 0.8 0.8 0.8 -6.56465E-20 1.47609E-15 2.06401E-16 -1.19005E-15 -1.20857E-15 4.29518E-17
25 2.2E-08 0.25 0.75 0.8 0.8 0.25 0.75 0.8 0.8 0.8 -7.24103E-20 1.47609E-15 3.17928E-16 -1.18665E-15 -1.20857E-15 4.6356E-17
25 2.2E-08 0.25 0.8 0.8 0.8 0.25 0.8 0.8 0.8 0.8 3.28833E-22 1.47609E-15 -1.10518E-16 -1.17683E-15 -1.20857E-15 5.60995E-17
25 2.2E-08 0.3 0.05 0.8 0.8 0.3 0.05 0.8 0.8 0.8 -3.88676E-14 7.77661E-16 4.95929E-14 -1.12874E-14 -5.65566E-16 -4.94342E-14
25 2.2E-08 0.3 0.1 0.8 0.8 0.3 0.1 0.8 0.8 0.8 -1.4789E-14 7.77661E-16 1.94154E-14 -5.20601E-15 -5.65566E-16 -1.93192E-14
25 2.2E-08 0.3 0.15 0.800001 0.8 0.3 0.15 0.8 0.8 0.800001 5.15718E-12 -6.95692E-13 -7.87094E-13 -3.67432E-12 -8.79138E-12 8.12975E-12
25 2.2E-08 0.3 0.2 0.8 0.8 0.3 0.2 0.8 0.8 0.8 -2.04185E-15 7.77661E-16 3.15858E-15 -1.5177E-15 -5.65566E-16 -2.93985E-15
25 2.2E-08 0.3 0.25 0.800001 0.8 0.3 0.25 0.8 0.8 0.800001 4.40143E-12 -1.05783E-12 -1.17595E-12 -2.16748E-12 -1.34004E-11 1.27364E-11
25 2.2E-08 0.3 0.3 0.8 0.8 0.3 0.3 0.8 0.8 0.8 -2.7738E-16 7.77661E-16 7.77661E-16 -8.42946E-16 -5.65566E-16 -5.27816E-16
25 2.2E-08 0.3 0.35 0.8 0.8 0.3 0.35 0.8 0.8 0.8 -8.88578E-17 7.77661E-16 7.92296E-17 -7.29584E-16 -5.65566E-16 -2.32294E-16
25 2.2E-08 0.3 0.4 0.8 0.8 0.3 0.4 0.8 0.8 0.8 -3.16503E-17 7.77661E-16 1.42815E-16 -6.94088E-16 -5.65566E-16 -1.42714E-16
25 2.2E-08 0.3 0.45 0.8 0.8 0.3 0.45 0.8 0.8 0.8 -9.95764E-18 7.77661E-16 -6.35855E-17 -6.68325E-16 -5.65566E-16 -9.69649E-17
25 2.2E-08 0.3 0.5 0.8 0.8 0.3 0.5 0.8 0.8 0.8 -9.37894E-19 7.77661E-16 -2.93957E-16 -5.83243E-16 -5.65566E-16 -3.9252E-18
25 2.2E-08 0.3 0.55 0.8 0.8 0.3 0.55 0.8 0.8 0.8 -4.87538E-19 7.77661E-16 5.07675E-16 -5.95802E-16 -5.65566E-16 -1.66964E-17
25 2.2E-08 0.3 0.6 0.8 0.8 0.3 0.6 0.8 0.8 0.8 -9.60752E-20 7.77661E-16 7.92296E-17 -5.76753E-16 -5.65566E-16 2.35955E-18
25 2.2E-08 0.3 0.65 0.8 0.8 0.3 0.65 0.8 0.8 0.8 -3.49392E-20 7.77661E-16 1.42815E-16 -5.92806E-16 -5.65566E-16 -1.37593E-17
25 2.2E-08 0.3 0.7 0.8 0.8 0.3 0.7 0.8 0.8 0.8 -6.46089E-20 5.31645E-16 2.06401E-16 -5.18473E-16 -5.37348E-16 3.24197E-17
25 2.2E-08 0.3 0.75 0.8 0.8 0.3 0.75 0.8 0.8 0.8 -7.16499E-20 5.31645E-16 3.17928E-16 -5.05456E-16 -5.37348E-16 4.54389E-17
25 2.2E-08 0.3 0.8 0.8 0.8 0.3 0.8 0.8 0.8 0.8 7.31593E-22 5.31645E-16 -1.10518E-16 -4.81388E-16 -5.37348E-16 6.94331E-17
25 2.2E-08 0.35 0.05 0.8 0.8 0.35 0.05 0.8 0.8 0.8 -4.31162E-14 7.92296E-17 4.95929E-14 -6.6945E-15 -2.43139E-16 -4.94187E-14
25 2.2E-08 0.35 0.1 0.8 0.8 0.35 0.1 0.8 0.8 0.8 -1.66229E-14 7.92296E-17 1.94154E-14 -3.0725E-15 -2.43139E-16 -1.93484E-14
25 2.2E-08 0.35 0.15 0.800001 0.8 0.35 0.15 0.8 0.8 0.800001 1.05603E-11 -1.04327E-12 -1.18859E-12 -8.32814E-12 -1.30572E-11 1.22495E-11
25 2.2E-08 0.35 0.2 0.800001 0.8 0.35 0.2 0.8 0.8 0.800001 8.42867E-12 -9.17558E-13 -1.03367E-12 -6.47725E-12 -1.149E-11 1.09091E-11
25 2.2E-08 0.35 0.25 0.8 0.8 0.35 0.25 0.8 0.8 0.8 -8.89229E-16 7.92296E-17 1.23008E-15 -5.51904E-16 -2.43139E-16 -1.16653E-15
25 2.2E-08 0.35 0.3 0.8 0.8 0.35 0.3 0.8 0.8 0.8 -3.45438E-16 7.92296E-17 7.77661E-16 -4.30391E-16 -2.43139E-16 -5.12108E-16
25 2.2E-08 0.35 0.35 0.8 0.8 0.35 0.35 0.8 0.8 0.8 -1.1011E-16 7.92296E-17 7.92296E-17 -3.53249E-16 -2.43139E-16 -2.06003E-16
25 2.2E-08 0.35 0.4 0.8 0.8 0.35 0.4 0.8 0.8 0.8 -5.58085E-17 7.92296E-17 1.42815E-16 -3.66546E-16 -2.43139E-16 -1.68121E-16
25 2.2E-08 0.35 0.45 0.8 0.8 0.35 0.45 0.8 0.8 0.8 -1.14319E-17 7.92296E-17 -6.35855E-17 -3.07478E-16 -2.43139E-16 -6.63838E-17
25 2.2E-08 0.35 0.5 0.8 0.8 0.35 0.5 0.8 0.8 0.8 -4.15415E-18 7.92296E-17 -2.93957E-16 -3.10454E-16 -2.43139E-16 -6.31446E-17
25 2.2E-08 0.35 0.55 0.8 0.8 0.35 0.55 0.8 0.8 0.8 -8.42277E-19 7.92296E-17 5.07675E-16 -2.80874E-16 -2.43139E-16 -3.09163E-17
25 2.2E-08 0.35 0.6 0.8 0.8 0.35 0.6 0.8 0.8 0.8 -9.69069E-20 7.92296E-17 7.92296E-17 -2.49287E-16 -2.43139E-16 1.03372E-18
25 2.2E-08 0.35 0.65 0.8 0.8 0.35 0.65 0.8 0.8 0.8 -1.85263E-20 7.92296E-17 1.42815E-16 -2.44531E-16 -2.43139E-16 5.74164E-18
25 2.2E-08 0.35 0.7 0.8 0.8 0.35 0.7 0.8 0.8 0.8 -5.99121E-20 7.92296E-17 2.06401E-16 -2.18291E-16 -2.43139E-16 3.20359E-17
25 2.2E-08 0.35 0.75 0.8 0.8 0.35 0.75 0.8 0.8 0.8 -7.11974E-20 7.92296E-17 3.17928E-16 -2.20337E-16 -2.43139E-16 2.99857E-17
25 2.2E-08 0.35 0.8 0.8 0.8 0.35 0.8 0.8 0.8 0.8 1.44486E-21 7.92296E-17 -1.10518E-16 -1.79538E-16 -2.43139E-16 7.07108E-17
25 2.2E-08 0.4 0.05 0.8 0.8 0.4 0.05 0.8 0.8 0.8 -4.64303E-14 1.42815E-16 4.95929E-14 -3.32202E-15 -2.01968E-16 -4.94046E-14
25 2.2E-08 0.4 0.1 0.800001 0.8 0.4 0.1 0.8 0.8 0.800001 1.23554E-11 -9.7457E-13 -1.11305E-12 -1.02679E-11 -1.21287E-11 1.13342E-11
25 2.2E-08 0.4 0.15 0.8 0.8 0.4 0.15 0.8 0.8 0.8 -6.98513E-15 1.42815E-16 7.78128E-15 -8.34329E-16 -2.01968E-16 -7.54948E-15
25 2.2E-08 0.4 0.2 0.800001 0.8 0.4 0.2 0.8 0.8 0.800001 1.41658E-11 -1.19771E-12 -1.34968E-12 -1.16184E-11 -1.49122E-11 1.42516E-11
25 2.2E-08 0.4 0.25 0.800002 0.8 0.4 0.25 0.8 0.8 0.800002 1.38237E-11 -1.26511E-12 -1.40684E-12 -1.11518E-11 -1.57554E-11 1.52844E-11
25 2.2E-08 0.4 0.3 0.800004 0.8 0.4 0.3 0.8 0.8 0.800004 1.58413E-11 -1.70524E-12 -1.89649E-12 -1.22398E-11 -2.12509E-11 2.09774E-11
25 2.2E-08 0.4 0.35 0.8 0.8 0.4 0.35 0.8 0.8 0.8 -1.76289E-16 1.42815E-16 7.92296E-17 -2.81521E-16 -2.01968E-16 -2.44748E-16
25 2.2E-08 0.4 0.4 0.8 0.8 0.4 0.4 0.8 0.8 0.8 -6.37904E-17 1.42815E-16 1.42815E-16 -2.65758E-16 -2.01968E-16 -1.19609E-16
25 2.2E-08 0.4 0.45 0.8 0.8 0.4 0.45 0.8 0.8 0.8 -1.40875E-17 1.42815E-16 -6.35855E-17 -2.38297E-16 -2.01968E-16 -4.41514E-17
25 2.2E-08 0.4 0.5 0.8 0.8 0.4 0.5 0.8 0.8 0.8 -5.41921E-18 1.42815E-16 -2.93957E-16 -2.42804E-16 -2.01968E-16 -4.10532E-17
25 2.2E-08 0.4 0.55 0.8 0.8 0.4 0.55 0.8 0.8 0.8 -1.06035E-18 1.42815E-16 5.07675E-16 -2.25226E-16 -2.01968E-16 -1.97792E-17
25 2.2E-08 0.4 0.6 0.8 0.8 0.4 0.6 0.8 0.8 0.8 -1.19418E-19 1.42815E-16 7.92296E-17 -2.07317E-16 -2.01968E-16 -1.31335E-18
25 2.2E-08 0.4 0.65 0.8 0.8 0.4 0.65 0.8 0.8 0.8 1.28823E-20 -1.032E-16 1.42815E-16 -1.84175E-16 -1.94567E-16 1.4433E-17
25 2.2E-08 0.4 0.7 0.8 0.8 0.4 0.7 0.8 0.8 0.8 -6.49491E-20 -1.032E-16 2.06401E-16 -1.90795E-16 -1.94567E-16 7.8308E-18
25 2.2E-08 0.4 0.75 0.8 0.8 0.4 0.75 0.8 0.8 0.8 -6.81244E-20 -1.032E-16 3.17928E-16 -1.68243E-16 -1.94567E-16 3.03874E-17
25 2.2E-08 0.4 0.8 0.8 0.8 0.4 0.8 0.8 0.8 0.8 2.8236E-21 -1.032E-16 -1.10518E-16 -1.37632E-16 -1.94567E-16 6.09228E-17
25 2.2E-08 0.45 0.05 0.8 0.8 0.45 0.05 0.8 0.8 0.8 -4.83623E-14 -6.35855E-17 4.95929E-14 -1.34367E-15 -1.17776E-16 -4.94442E-14
25 2.2E-08 0.45 0.1 0.8 0.8 0.45 0.1 0.8 0.8 0.8 -1.88842E-14 -6.35855E-17 1.94154E-14 -6.6264E-16 -1.17776E-16 -1.933E-14
25 2.2E-08 0.45 0.15 0.8 0.8 0.45 0.15 0.8 0.8 0.8 -7.33452E-15 -6.35855E-17 7.78128E-15 -3.68559E-16 -1.17776E-16 -7.519E-15
25 2.2E-08 0.45 0.2 0.8 0.8 0.45 0.2 0.8 0.8 0.8 -2.85297E-15 -6.35855E-17 3.15858E-15 -2.40565E-16 -1.17776E-16 -2.93282E-15
25 2.2E-08 0.45 0.25 0.800003 0.8 0.45 0.25 0.8 0.8 0.800003 1.91245E-11 -1.4582E-12 -1.62936E-12 -1.60372E-11 -1.82308E-11 1.77186E-11
25 2.2E-08 0.45 0.3 0.800004 0.8 0.45 0.3 0.8 0.8 0.800004 1.77699E-11 -1.4395E-12 -1.60669E-12 -1.47238E-11 -1.80035E-11 1.78019E-11
25 2.2E-08 0.45 0.35 0.8 0.8 0.45 0.35 0.8 0.8 0.8 -1.79672E-16 -6.35855E-17 7.92296E-17 -1.48735E-16 -1.17776E-16 -2.01244E-16
25 2.2E-08 0.45 0.4 0.8 0.8 0.45 0.4 0.8 0.8 0.8 -1.0801E-16 -6.35855E-17 1.42815E-16 -1.58893E-16 -1.17776E-16 -1.42861E-16
25 2.2E-08 0.45 0.45 0.8 0.8 0.45 0.45 0.8 0.8 0.8 -3.55752E-17 -6.35855E-17 -6.35855E-17 -1.53351E-16 -1.17776E-16 -6.65908E-17
25 2.2E-08 0.45 0.5 0.8 0.8 0.45 0.5 0.8 0.8 0.8 -7.03385E-18 -6.35855E-17 -2.93957E-16 -1.38478E-16 -1.17776E-16 -2.424E-17
25 2.2E-08 0.45 0.55 0.8 0.8 0.45 0.55 0.8 0.8 0.8 -4.59432E-18 -6.35855E-17 5.07675E-16 -1.63092E-16 -1.17776E-16 -4.70768E-17
25 2.2E-08 0.45 0.6 0.8 0.8 0.45 0.6 0.8 0.8 0.8 -4.80044E-20 1.8243E-16 7.92296E-17 -1.10159E-16 -1.10375E-16 2.61769E-18
25 2.2E-08 0.45 0.65 0.8 0.8 0.45 0.65 0.8 0.8 0.8 1.28369E-19 1.8243E-16 1.42815E-16 -9.10203E-17 -1.10375E-16 2.18051E-17
25 2.2E-08 0.45 0.7 0.8 0.8 0.45 0.7 0.8 0.8 0.8 -6.85726E-20 1.8243E-16 2.06401E-16 -1.11237E-16 -1.10375E-16 1.48764E-18
25 2.2E-08 0.45 0.75 0.8 0.8 0.45 0.75 0.8 0.8 0.8 -6.5368E-20 1.8243E-16 3.17928E-16 -9.52626E-17 -1.10375E-16 1.74735E-17
25 2.2E-08 0.45 0.8 0.8 0.8 0.45 0.8 0.8 0.8 0.8 8.62409E-21 1.8243E-16 -1.10518E-16 -4.36481E-17 -1.10375E-16 6.9015E-17
25 2.2E-08 0.5 0.05 0.8 0.8 0.5 0.05 0.8 0.8 0.8 -4.91552E-14 -2.93957E-16 4.95929E-14 -4.63938E-16 -5.44009E-17 -4.94218E-14
25 2.2E-08 0.5 0.1 0.800001 0.8 0.5 0.1 0.8 0.8 0.800001 1.08656E-11 -7.48427E-13 -8.64272E-13 -9.25288E-12 -9.44395E-12 8.84134E-12
25 2.2E-08 0.5 0.15 0.8 0.8 0.5 0.15 0.8 0.8 0.8 -7.53923E-15 -2.93957E-16 7.78128E-15 -1.39313E-16 -5.44009E-17 -7.5589E-15
25 2.2E-08 0.5 0.2 0.8 0.8 0.5 0.2 0.8 0.8 0.8 -2.93651E-15 -2.93957E-16 3.15858E-15 -9.61482E-17 -5.44009E-17 -2.93638E-15
25 2.2E-08 0.5 0.25 0.8 0.8 0.5 0.25 0.8 0.8 0.8 -1.17639E-15 -2.93957E-16 1.23008E-15 -7.75422E-17 -5.44009E-17 -1.17396E-15
25 2.2E-08 0.5 0.3 0.8 0.8 0.5 0.3 0.8 0.8 0.8 -5.16236E-16 -2.93957E-16 7.77661E-16 -7.0378E-17 -5.44009E-17 -5.17526E-16
25 2.2E-08 0.5 0.35 0.8 0.8 0.5 0.35 0.8 0.8 0.8 -2.03882E-16 -2.93957E-16 7.92296E-17 -6.61507E-17 -5.44009E-17 -2.07307E-16
25 2.2E-08 0.5 0.4 0.8 0.8 0.5 0.4 0.8 0.8 0.8 -1.38845E-16 -2.93957E-16 1.42815E-16 -7.19604E-17 -5.44009E-17 -1.51203E-16
25 2.2E-08 0.5 0.45 0.8 0.8 0.5 0.45 0.8 0.8 0.8 -6.09062E-17 -2.93957E-16 -6.35855E-17 -7.46416E-17 -5.44009E-17 -7.76511E-17
25 2.2E-08 0.5 0.5 0.8 0.8 0.5 0.5 0.8 0.8 0.8 -1.31771E-17 -2.93957E-16 -2.93957E-16 -6.7578E-17 -5.44009E-17 -2.39224E-17
25 2.2E-08 0.5 0.55 0.8 0.8 0.5 0.55 0.8 0.8 0.8 -7.27757E-19 -2.93957E-16 5.07675E-16 -5.65251E-17 -5.44009E-17 -1.08279E-18
25 2.2E-08 0.5 0.6 0.8 0.8 0.5 0.6 0.8 0.8 0.8 -1.69469E-18 -2.93957E-16 7.92296E-17 -7.44193E-17 -5.44009E-17 -2.03274E-17
25 2.2E-08 0.5 0.65 0.8 0.8 0.5 0.65 0.8 0.8 0.8 -5.33167E-20 -2.93957E-16 1.42815E-16 -5.64545E-17 -5.44009E-17 -8.48681E-19
25 2.2E-08 0.5 0.7 0.8 0.8 0.5 0.7 0.8 0.8 0.8 1.27742E-19 -2.93957E-16 2.06401E-16 -3.61348E-19 -3.35842E-17 3.47047E-17
25 2.2E-08 0.5 0.75 0.8 0.8 0.5 0.75 0.8 0.8 0.8 -9.96203E-21 -2.93957E-16 3.17928E-16 7.95585E-18 -3.35842E-17 4.28928E-17
25 2.2E-08 0.5 0.8 0.8 0.8 0.5 0.8 0.8 0.8 0.8 1.31511E-20 -2.93957E-16 -1.10518E-16 -1.96034E-19 -3.35842E-17 3.46172E-17
25 2.2E-08 0.55 0.05 0.8 0.8 0.55 0.05 0.8 0.8 0.8 -4.94217E-14 5.07675E-16 4.95929E-14 -1.7701E-16 -5.44009E-17 -4.9402E-14
25 2.2E-08 0.55 0.1 0.8 0.8 0.55 0.1 0.8 0.8 0.8 -1.93872E-14 5.07675E-16 1.94154E-14 -1.0924E-16 -5.44009E-17 -1.93448E-14
25 2.2E-08 0.55 0.15 0.8 0.8 0.55 0.15 0.8 0.8 0.8 -7.58311E-15 5.07675E-16 7.78128E-15 -7.9908E-17 -5.44009E-17 -7.54403E-15
25 2.2E-08 0.55 0.2 0.8 0.8 0.55 0.2 0.8 0.8 0.8 -2.96774E-15 5.07675E-16 3.15858E-15 -6.70492E-17 -5.44009E-17 -2.93917E-15
25 2.2E-08 0.55 0.25 0.8 0.8 0.55 0.25 0.8 0.8 0.8 -1.18126E-15 5.07675E-16 1.23008E-15 -6.14101E-17 -5.44009E-17 -1.16335E-15
25 2.2E-08 0.55 0.3 0.8 0.8 0.55 0.3 0.8 0.8 0.8 -5.51412E-16 5.07675E-16 7.77661E-16 -5.95662E-17 -5.44009E-17 -5.42551E-16
25 2.2E-08 0.55 0.35 0.800011 0.8 0.55 0.35 0.8 0.8 0.800011 2.91744E-11 -2.0119E-12 -2.34272E-12 -2.48193E-11 -2.57271E-11 2.58241E-11
25 2.2E-08 0.55 0.4 0.800016 0.8 0.55 0.4 0.8 0.8 0.800016 1.94506E-11 -1.39046E-12 -1.64841E-12 -1.64116E-11 -1.77828E-11 1.79688E-11
25 2.2E-08 0.55 0.45 0.8 0.8 0.55 0.45 0.8 0.8 0.8 -7.27027E-17 5.07675E-16 -6.35855E-17 -6.1672E-17 -5.44009E-17 -7.71405E-17
25 2.2E-08 0.55 0.5 0.8 0.8 0.55 0.5 0.8 0.8 0.8 -2.32989E-17 5.07675E-16 -2.93957E-16 -6.1429E-17 -5.44009E-17 -2.85579E-17
25 2.2E-08 0.55 0.55 0.8 0.8 0.55 0.55 0.8 0.8 0.8 -1.15479E-17 5.07675E-16 5.07675E-16 -6.59488E-17 -5.44009E-17 -2.19893E-17
25 2.2E-08 0.55 0.6 0.8 0.8 0.55 0.6 0.8 0.8 0.8 7.09161E-19 5.07675E-16 7.92296E-17 -3.10118E-17 -3.35842E-17 4.0047E-18
25 2.2E-08 0.55 0.65 0.8 0.8 0.55 0.65 0.8 0.8 0.8 -4.81177E-19 5.07675E-16 1.42815E-16 -6.08379E-17 -5.44009E-17 -6.32253E-18
25 2.2E-08 0.55 0.7 0.8 0.8 0.55 0.7 0.8 0.8 0.8 1.29348E-19 5.07675E-16 2.06401E-16 -2.37128E-17 -3.35842E-17 1.06922E-17
25 2.2E-08 0.55 0.75 0.8 0.8 0.55 0.75 0.8 0.8 0.8 -4.50927E-21 5.07675E-16 3.17928E-16 -2.02424E-17 -3.35842E-17 1.40374E-17
25 2.2E-08 0.55 0.8 0.8 0.8 0.55 0.8 0.8 0.8 0.8 6.63979E-20 5.07675E-16 -1.10518E-16 1.72089E-17 -3.35842E-17 5.14127E-17
25 2.2E-08 0.6 0.05 0.8 0.8 0.6 0.05 0.8 0.8 0.8 -4.95551E-14 7.92296E-17 4.95929E-14 -6.78588E-17 -3.35842E-17 -4.94475E-14
25 2.2E-08 0.6 0.1 0.8 0.8 0.6 0.1 0.8 0.8 0.8 -1.94091E-14 7.92296E-17 1.94154E-14 -4.88944E-17 -3.35842E-17 -1.93275E-14
25 2.2E-08 0.6 0.15 0.800001 0.8 0.6 0.15 0.8 0.8 0.800001 1.24479E-11 -8.19644E-13 -9.77756E-13 -1.06502E-11 -1.06716E-11 1.0099E-11
25 2.2E-08 0.6 0.2 0.8 0.8 0.6 0.2 0.8 0.8 0.8 -2.98854E-15 7.92296E-17 3.15858E-15 -3.71418E-17 -3.35842E-17 -2.95127E-15
25 2.2E-08 0.6 0.25 0.8 0.8 0.6 0.25 0.8 0.8 0.8 -1.20227E-15 7.92296E-17 1.23008E-15 -3.55795E-17 -3.35842E-17 -1.17973E-15
25 2.2E-08 0.6 0.3 0.8 0.8 0.6 0.3 0.8 0.8 0.8 -5.48475E-16 7.92296E-17 7.77661E-16 -3.50244E-17 -3.35842E-17 -5.36272E-16
25 2.2E-08 0.6 0.35 0.800006 0.8 0.6 0.35 0.8 0.8 0.800006 1.76223E-11 -1.16899E-12 -1.38597E-12 -1.50673E-11 -1.52187E-11 1.52734E-11
25 2.2E-08 0.6 0.4 0.800041 0.8 0.6 0.4 0.8 0.8 0.800041 5.08313E-11 -3.4033E-12 -4.10413E-12 -4.33247E-11 -4.43001E-11 4.47883E-11
25 2.2E-08 0.6 0.45 0.800081 0.8 0.6 0.45 0.8 0.8 0.800081 3.69093E-11 -2.54766E-12 -3.07649E-12 -3.12855E-11 -3.31904E-11 3.36908E-11
25 2.2E-08 0.6 0.5 0.8 0.8 0.6 0.5 0.8 0.8 0.8 -3.07725E-17 7.92296E-17 -2.93957E-16 -3.61708E-17 -3.35842E-17 -3.19734E-17
25 2.2E-08 0.6 0.55 0.8 0.8 0.6 0.55 0.8 0.8 0.8 -7.15858E-19 7.92296E-17 5.07675E-16 -3.37916E-17 -3.35842E-17 -2.00135E-19
25 2.2E-08 0.6 0.6 0.8 0.8 0.6 0.6 0.8 0.8 0.8 -1.67187E-18 7.92296E-17 7.92296E-17 -3.52561E-17 -3.35842E-17 -3.00397E-18
25 2.2E-08 0.6 0.65 0.8 0.8 0.6 0.65 0.8 0.8 0.8 1.70417E-18 7.92296E-17 1.42815E-16 -2.72285E-17 -3.35842E-17 8.27216E-18
25 2.2E-08 0.6 0.7 0.8 0.8 0.6 0.7 0.8 0.8 0.8 2.00254E-18 7.92296E-17 2.06401E-16 -4.14191E-18 -3.35842E-17 3.1753E-17
25 2.2E-08 0.6 0.75 0.8 0.8 0.6 0.75 0.8 0.8 0.8 7.96138E-19 7.92296E-17 3.17928E-16 1.42395E-17 -3.35842E-17 4.89366E-17
25 2.2E-08 0.6 0.8 0.8 0.8 0.6 0.8 0.8 0.8 0.8 3.47642E-19 7.92296E-17 -1.10518E-16 4.08591E-17 -3.35842E-17 7.49609E-17
25 2.2E-08 0.65 0.05 0.8 0.8 0.65 0.05 0.8 0.8 0.8 -4.95798E-14 1.42815E-16 4.95929E-14 -4.2769E-17 -3.35842E-17 -4.94472E-14
25 2.2E-08 0.65 0.1 0.8 0.8 0.65 0.1 0.8 0.8 0.8 -1.94036E-14 1.42815E-16 1.94154E-14 -3.76829E-17 -3.35842E-17 -1.93109E-14
25 2.2E-08 0.65 0.15 0.8 0.8 0.65 0.15 0.8 0.8 0.8 -7.60404E-15 1.42815E-16 7.78128E-15 -3.54946E-17 -3.35842E-17 -7.54188E-15
25 2.2E-08 0.65 0.2 0.800001 0.8 0.65 0.2 0.8 0.8 0.800001 1.32662E-11 -8.53038E-13 -1.03183E-12 -1.13808E-11 -1.13885E-11 1.09085E-11
25 2.2E-08 0.65 0.25 0.8 0.8 0.65 0.25 0.8 0.8 0.8 -1.20294E-15 1.42815E-16 1.23008E-15 -3.41175E-17 -3.35842E-17 -1.17907E-15
25 2.2E-08 0.65 0.3 0.8 0.8 0.65 0.3 0.8 0.8 0.8 -5.36887E-16 1.42815E-16 7.77661E-16 -3.39607E-17 -3.35842E-17 -5.23748E-16
25 2.2E-08 0.65 0.35 0.8 0.8 0.65 0.35 0.8 0.8 0.8 -2.38237E-16 1.42815E-16 7.92296E-17 -3.38954E-17 -3.35842E-17 -2.31398E-16
25 2.2E-08 0.65 0.4 0.800034 0.8 0.65 0.4 0.8 0.8 0.800034 4.24254E-11 -2.73702E-12 -3.38331E-12 -3.6305E-11 -3.65219E-11 3.69188E-11
25 2.2E-08 0.65 0.45 0.800077 0.8 0.65 0.45 0.8 0.8 0.800077 3.55395E-11 -2.30994E-12 -2.85876E-12 -3.03709E-11 -3.08543E-11 3.13161E-11
25 2.2E-08 0.65 0.5 0.8 0.8 0.65 0.5 0.8 0.8 0.8 -5.70941E-17 1.42815E-16 -2.93957E-16 -3.48604E-17 -3.35842E-17 -5.7112E-17
25 2.2E-08 0.65 0.55             
25 2.2E-08 0.65 0.6 0.8 0.8 0.65 0.6 0.8 0.8 0.8 -2.42791E-17 1.42815E-16 7.92296E-17 -4.00867E-17 -3.35842E-17 -3.05693E-17
25 2.2E-08 0.65 0.65 0.8 0.8 0.65 0.65 0.8 0.8 0.8 -6.53251E-18 1.42815E-16 1.42815E-16 -4.01168E-17 -3.35842E-17 -1.29802E-17
25 2.2E-08 0.65 0.7 0.8 0.8 0.65 0.7 0.8 0.8 0.8 -2.87154E-18 1.42815E-16 2.06401E-16 -4.43057E-17 -3.35842E-17 -1.34124E-17
25 2.2E-08 0.65 0.75 0.8 0.8 0.65 0.75 0.8 0.8 0.8 2.89504E-18 1.42815E-16 3.17928E-16 1.02076E-17 -3.35842E-17 4.6876E-17
25 2.2E-08 0.65 0.8 0.8 0.8 0.65 0.8 0.8 0.8 0.8 9.94288E-19 1.42815E-16 -1.10518E-16 2.34966E-17 -3.35842E-17 5.81176E-17
25 2.2E-08 0.7 0.05 0.8 0.8 0.7 0.05 0.8 0.8 0.8 -4.95484E-14 2.06401E-16 4.95929E-14 -1.52351E-17 -1.27676E-17 -4.9409E-14
25 2.2E-08 0.7 0.1 0.8 0.8 0.7 0.1 0.8 0.8 0.8 -1.94173E-14 2.06401E-16 1.94154E-14 -1.39053E-17 -1.27676E-17 -1.93215E-14
25 2.2E-08 0.7 0.15 0.8 0.8 0.7 0.15 0.8 0.8 0.8 -7.58193E-15 2.06401E-16 7.78128E-15 -1.333E-17 -1.27676E-17 -7.51832E-15
25 2.2E-08 0.7 0.2 0.8 0.8 0.7 0.2 0.8 0.8 0.8 1.2136E-12 -7.55663E-14 -9.20493E-14 -1.04572E-12 -1.04591E-12 9.98837E-13
25 2.2E-08 0.7 0.25 0.8 0.8 0.7 0.25 0.8 0.8 0.8 -1.17371E-15 2.06401E-16 1.23008E-15 -1.29675E-17 -1.27676E-17 -1.14941E-15
25 2.2E-08 0.7 0.3 0.800002 0.8 0.7 0.3 0.8 0.8 0.800002 1.066E-11 -6.65511E-13 -8.18207E-13 -9.17551E-12 -9.17898E-12 9.07913E-12
25 2.2E-08 0.7 0.35 0.8 0.8 0.7 0.35 0.8 0.8 0.8 -2.39979E-16 2.06401E-16 7.92296E-17 -1.29132E-17 -1.27676E-17 -2.32878E-16
25 2.2E-08 0.7 0.4 0.800021 0.8 0.7 0.4 0.8 0.8 0.800021 2.54641E-11 -1.58708E-12 -2.02752E-12 -2.18494E-11 -2.18835E-11 2.21146E-11
25 2.2E-08 0.7 0.45 0.800084 0.8 0.7 0.45 0.8 0.8 0.800084 3.92408E-11 -2.44617E-12 -3.13184E-12 -3.36623E-11 -3.38015E-11 3.43181E-11
25 2.2E-08 0.7 0.5 0.8 0.8 0.7 0.5 0.8 0.8 0.8 -1.90378E-17 2.06401E-16 -2.93957E-16 -1.29439E-17 -1.27676E-17 -1.786E-17
