
25 6.6E-08 0.05 0.05 0.8 0.8 0.05 0.05 0.8 0.8 0.8 -1.15973E-13 2.31322E-13 2.31322E-13 -3.46603E-13 -2.30631E-13 -2.30623E-13
25 6.6E-08 0.05 0.1 0.8 0.8 0.05 0.1 0.8 0.8 0.8 -4.28717E-14 2.31322E-13 9.08327E-14 -2.79247E-13 -2.30631E-13 -9.03752E-14
25 6.6E-08 0.05 0.15 0.8 0.8 0.05 0.15 0.8 0.8 0.8 -1.55017E-14 2.31322E-13 3.56252E-14 -2.51425E-13 -2.30631E-13 -3.53359E-14
25 6.6E-08 0.05 0.2 0.8 0.8 0.05 0.2 0.8 0.8 0.8 -5.50993E-15 2.31322E-13 1.417E-14 -2.39968E-13 -2.30631E-13 -1.39966E-14
25 6.6E-08 0.05 0.25 0.8 0.8 0.05 0.25 0.8 0.8 0.8 -1.90716E-15 2.31322E-13 5.74036E-15 -2.35154E-13 -2.30631E-13 -5.6552E-15
25 6.6E-08 0.05 0.3 0.8 0.8 0.05 0.3 0.8 0.8 0.8 -8.47315E-12 -4.99027E-12 -5.12506E-12 1.85885E-11 -2.59654E-11 2.02729E-11
25 6.6E-08 0.05 0.35 0.8 0.8 0.05 0.35 0.8 0.8 0.8 -1.44684E-11 -5.39854E-12 -5.64241E-12 2.55094E-11 -2.79971E-11 2.27333E-11
25 6.6E-08 0.05 0.4 0.800001 0.8 0.05 0.4 0.8 0.8 0.800001 -2.03729E-11 -5.91842E-12 -6.25134E-12 3.25427E-11 -3.05774E-11 2.52728E-11
25 6.6E-08 0.05 0.45 0.8 0.8 0.05 0.45 0.8 0.8 0.8 -2.54829E-17 2.31322E-13 3.66626E-16 -2.31722E-13 -2.30631E-13 -4.44732E-16
25 6.6E-08 0.05 0.5 0.8 0.8 0.05 0.5 0.8 0.8 0.8 -8.08708E-18 2.31322E-13 4.39043E-16 -2.31564E-13 -2.30631E-13 -2.7401E-16
25 6.6E-08 0.05 0.55 0.8 0.8 0.05 0.55 0.8 0.8 0.8 -1.04039E-11 -2.37838E-12 -2.61991E-12 1.54024E-11 -1.31145E-11 1.08139E-11
25 6.6E-08 0.05 0.6 0.8 0.8 0.05 0.6 0.8 0.8 0.8 -5.96608E-12 -1.2579E-12 -1.47671E-12 8.7004E-12 -7.5827E-12 6.17545E-12
25 6.6E-08 0.05 0.65 0.8 0.8 0.05 0.65 0.8 0.8 0.8 -2.05836E-11 -4.89837E-12 -4.99759E-12 3.04793E-11 -2.55541E-11 2.1294E-11
25 6.6E-08 0.05 0.7 0.8 0.8 0.05 0.7 0.8 0.8 0.8 -1.84502E-11 -4.36527E-12 -4.37037E-12 2.7186E-11 -2.29214E-11 1.90966E-11
25 6.6E-08 0.05 0.75 0.8 0.8 0.05 0.75 0.8 0.8 0.8 -3.47132E-19 2.31322E-13 -5.80344E-17 -2.3131E-13 -2.30631E-13 -1.78981E-17
25 6.6E-08 0.05 0.8 0.8 0.8 0.05 0.8 0.8 0.8 0.8 -6.98005E-12 -1.50731E-12 -1.5416E-12 1.00291E-11 -8.81768E-12 7.23816E-12
25 6.6E-08 0.1 0.05 0.8 0.8 0.1 0.05 0.8 0.8 0.8 -1.23111E-13 9.08327E-14 2.31322E-13 -1.99076E-13 -9.04104E-14 -2.30664E-13
25 6.6E-08 0.1 0.1 0.8 0.8 0.1 0.1 0.8 0.8 0.8 -4.56581E-14 9.08327E-14 9.08327E-14 -1.36068E-13 -9.04104E-14 -9.04134E-14
25 6.6E-08 0.1 0.15 0.8 0.8 0.1 0.15 0.8 0.8 0.8 -1.65567E-14 9.08327E-14 3.56252E-14 -1.09952E-13 -9.04104E-14 -3.53477E-14
25 6.6E-08 0.1 0.2 0.8 0.8 0.1 0.2 0.8 0.8 0.8 -5.87128E-15 9.08327E-14 1.417E-14 -9.9122E-14 -9.04104E-14 -1.39418E-14
25 6.6E-08 0.1 0.25 0.8 0.8 0.1 0.25 0.8 0.8 0.8 -2.16548E-12 -4.83915E-12 -4.89685E-12 1.19015E-11 -2.43257E-11 1.84703E-11
25 6.6E-08 0.1 0.3 0.8 0.8 0.1 0.3 0.8 0.8 0.8 -8.0525E-12 -5.56444E-12 -5.62939E-12 1.92463E-11 -2.79128E-11 2.22719E-11
25 6.6E-08 0.1 0.35 0.8 0.8 0.1 0.35 0.8 0.8 0.8 -2.28259E-16 9.08327E-14 1.34589E-15 -9.18376E-14 -9.04104E-14 -1.17085E-15
25 6.6E-08 0.1 0.4 0.800001 0.8 0.1 0.4 0.8 0.8 0.800001 -2.13155E-11 -6.40981E-12 -6.70392E-12 3.44293E-11 -3.21195E-11 2.71039E-11
25 6.6E-08 0.1 0.45 0.8 0.8 0.1 0.45 0.8 0.8 0.8 -2.57511E-17 9.08327E-14 3.66626E-16 -9.13168E-14 -9.04104E-14 -4.70114E-16
25 6.6E-08 0.1 0.5 0.8 0.8 0.1 0.5 0.8 0.8 0.8 -8.07887E-18 9.08327E-14 4.39043E-16 -9.11672E-14 -9.04104E-14 -3.07861E-16
25 6.6E-08 0.1 0.55 0.800001 0.8 0.1 0.55 0.8 0.8 0.800001 -2.45887E-11 -5.99204E-12 -6.19746E-12 3.67784E-11 -3.00777E-11 2.558E-11
25 6.6E-08 0.1 0.6 0.800001 0.8 0.1 0.6 0.8 0.8 0.800001 -2.24848E-11 -5.44086E-12 -5.56549E-12 3.34913E-11 -2.736E-11 2.32799E-11
25 6.6E-08 0.1 0.65 0.8 0.8 0.1 0.65 0.8 0.8 0.8 -1.60339E-19 9.08327E-14 -3.38113E-17 -9.09161E-14 -9.04104E-14 -5.42277E-17
25 6.6E-08 0.1 0.7 0.8 0.8 0.1 0.7 0.8 0.8 0.8 -3.36548E-19 9.08327E-14 1.73599E-16 -9.08809E-14 -9.04104E-14 -1.88087E-17
25 6.6E-08 0.1 0.75 0.8 0.8 0.1 0.75 0.8 0.8 0.8 -8.2308E-12 -1.92945E-12 -1.88913E-12 1.20492E-11 -1.00578E-11 8.52639E-12
25 6.6E-08 0.1 0.8 0.8 0.8 0.1 0.8 0.8 0.8 0.8 -9.16998E-22 9.08327E-14 -6.76227E-17 -9.08762E-14 -9.04104E-14 -1.43967E-17
25 6.6E-08 0.15 0.05 0.8 0.8 0.15 0.05 0.8 0.8 0.8 -1.3238E-13 3.56252E-14 2.31322E-13 -1.34588E-13 -3.53715E-14 -2.30636E-13
25 6.6E-08 0.15 0.1 0.8 0.8 0.15 0.1 0.8 0.8 0.8 -4.93057E-14 3.56252E-14 9.08327E-14 -7.72112E-14 -3.53715E-14 -9.03952E-14
25 6.6E-08 0.15 0.15 0.8 0.8 0.15 0.15 0.8 0.8 0.8 -1.79797E-14 3.56252E-14 3.56252E-14 -5.33513E-14 -3.53715E-14 -3.53619E-14
25 6.6E-08 0.15 0.2 0.8 0.8 0.15 0.2 0.8 0.8 0.8 -6.40897E-15 3.56252E-14 1.417E-14 -4.34002E-14 -3.53715E-14 -1.39491E-14
25 6.6E-08 0.15 0.25 0.8 0.8 0.15 0.25 0.8 0.8 0.8 -3.9898E-13 -5.21114E-12 -5.30327E-12 1.09135E-11 -2.57573E-11 2.00065E-11
25 6.6E-08 0.15 0.3 0.800001 0.8 0.15 0.3 0.8 0.8 0.800001 -6.74701E-12 -5.92553E-12 -6.03868E-12 1.87113E-11 -2.92869E-11 2.38975E-11
25 6.6E-08 0.15 0.35 0.8 0.8 0.15 0.35 0.8 0.8 0.8 -2.44382E-16 3.56252E-14 1.34589E-15 -3.66192E-14 -3.53715E-14 -1.16014E-15
25 6.6E-08 0.15 0.4 0.800001 0.8 0.15 0.4 0.8 0.8 0.800001 -2.04819E-11 -6.33461E-12 -6.68883E-12 3.35054E-11 -3.13522E-11 2.70442E-11
25 6.6E-08 0.15 0.45 0.8 0.8 0.15 0.45 0.8 0.8 0.8 -2.56834E-17 3.56252E-14 3.66626E-16 -3.60972E-14 -3.53715E-14 -4.41976E-16
25 6.6E-08 0.15 0.5 0.8 0.8 0.15 0.5 0.8 0.8 0.8 -8.2293E-18 3.56252E-14 4.39043E-16 -3.59851E-14 -3.53715E-14 -3.17335E-16
25 6.6E-08 0.15 0.55 0.8 0.8 0.15 0.55 0.8 0.8 0.8 -2.54452E-18 3.56252E-14 1.54422E-16 -3.58835E-14 -3.53715E-14 -2.13124E-16
25 6.6E-08 0.15 0.6 0.8 0.8 0.15 0.6 0.8 0.8 0.8 -6.74471E-19 3.56252E-14 1.97822E-16 -3.58094E-14 -3.53715E-14 -1.38987E-16
25 6.6E-08 0.15 0.65 0.8 0.8 0.15 0.65 0.8 0.8 0.8 -1.58141E-19 3.56252E-14 -3.38113E-17 -3.57502E-14 -3.53715E-14 -7.98805E-17
25 6.6E-08 0.15 0.7 0.800001 0.8 0.15 0.7 0.8 0.8 0.800001 -2.07671E-11 -4.97169E-12 -4.91931E-12 3.06583E-11 -2.46688E-11 2.14956E-11
25 6.6E-08 0.15 0.75 0.8 0.8 0.15 0.75 0.8 0.8 0.8 -3.45442E-19 3.56252E-14 -5.80344E-17 -3.56862E-14 -3.53715E-14 -1.55275E-17
25 6.6E-08 0.15 0.8 0.8 0.8 0.15 0.8 0.8 0.8 0.8 -7.33373E-22 3.56252E-14 -6.76227E-17 -3.5684E-14 -3.53715E-14 -1.37182E-17
25 6.6E-08 0.2 0.05 0.8 0.8 0.2 0.05 0.8 0.8 0.8 -1.44624E-13 1.417E-14 2.31322E-13 -1.00786E-13 -1.39433E-14 -2.30615E-13
25 6.6E-08 0.2 0.1 0.8 0.8 0.2 0.1 0.8 0.8 0.8 -5.41722E-14 1.417E-14 9.08327E-14 -5.07596E-14 -1.39433E-14 -9.03473E-14
25 6.6E-08 0.2 0.15 0.8 0.8 0.2 0.15 0.8 0.8 0.8 -1.98986E-14 1.417E-14 3.56252E-14 -2.98643E-14 -1.39433E-14 -3.53311E-14
25 6.6E-08 0.2 0.2 0.8 0.8 0.2 0.2 0.8 0.8 0.8 6.86864E-12 -5.18754E-12 -5.43011E-12 3.74903E-12 -2.53711E-11 1.93729E-11
25 6.6E-08 0.2 0.25 0.800001 0.8 0.2 0.25 0.8 0.8 0.800001 2.61395E-12 -5.70536E-12 -5.90732E-12 8.99887E-12 -2.79197E-11 2.22909E-11
25 6.6E-08 0.2 0.3 0.800001 0.8 0.2 0.3 0.8 0.8 0.800001 -4.44595E-12 -6.51003E-12 -6.75425E-12 1.77102E-11 -3.18826E-11 2.67389E-11
25 6.6E-08 0.2 0.35 0.8 0.8 0.2 0.35 0.8 0.8 0.8 -2.8432E-16 1.417E-14 1.34589E-15 -1.50726E-14 -1.39433E-14 -1.19074E-15
25 6.6E-08 0.2 0.4 0.8 0.8 0.2 0.4 0.8 0.8 0.8 -9.26624E-17 1.417E-14 6.51247E-16 -1.47526E-14 -1.39433E-14 -6.93645E-16
25 6.6E-08 0.2 0.45 0.8 0.8 0.2 0.45 0.8 0.8 0.8 -2.90527E-17 1.417E-14 3.66626E-16 -1.45764E-14 -1.39433E-14 -4.61779E-16
25 6.6E-08 0.2 0.5 0.8 0.8 0.2 0.5 0.8 0.8 0.8 -8.31286E-18 1.417E-14 4.39043E-16 -1.44159E-14 -1.39433E-14 -2.85482E-16
25 6.6E-08 0.2 0.55 0.8 0.8 0.2 0.55 0.8 0.8 0.8 -2.59709E-18 1.417E-14 1.54422E-16 -1.43409E-14 -1.39433E-14 -2.0786E-16
25 6.6E-08 0.2 0.6 0.8 0.8 0.2 0.6 0.8 0.8 0.8 -6.33515E-19 1.417E-14 1.97822E-16 -1.42353E-14 -1.39433E-14 -1.02091E-16
25 6.6E-08 0.2 0.65 0.8 0.8 0.2 0.65 0.8 0.8 0.8 -1.47464E-19 1.417E-14 -3.38113E-17 -1.41888E-14 -1.39433E-14 -5.56909E-17
25 6.6E-08 0.2 0.7 0.800001 0.8 0.2 0.7 0.8 0.8 0.800001 -2.43846E-11 -5.73234E-12 -5.77659E-12 3.58935E-11 -2.81819E-11 2.5241E-11
25 6.6E-08 0.2 0.75 0.8 0.8 0.2 0.75 0.8 0.8 0.8 -3.4534E-19 1.417E-14 -5.80344E-17 -1.41659E-14 -1.39433E-14 -3.25282E-17
25 6.6E-08 0.2 0.8 0.8 0.8 0.2 0.8 0.8 0.8 0.8 -6.39563E-22 1.417E-14 -6.76227E-17 -1.41522E-14 -1.39433E-14 -1.90997E-17
25 6.6E-08 0.25 0.05 0.8 0.8 0.25 0.05 0.8 0.8 0.8 -1.60625E-13 5.82236E-15 2.31322E-13 -7.64718E-14 -5.67028E-15 -2.30651E-13
25 6.6E-08 0.25 0.1 0.8 0.8 0.25 0.1 0.8 0.8 0.8 -6.06715E-14 5.82236E-15 9.08327E-14 -3.59324E-14 -5.67028E-15 -9.03686E-14
25 6.6E-08 0.25 0.15 0.8 0.8 0.25 0.15 0.8 0.8 0.8 -2.25436E-14 5.82236E-15 3.56252E-14 -1.89012E-14 -5.67028E-15 -3.53621E-14
25 6.6E-08 0.25 0.2 0.8 0.8 0.25 0.2 0.8 0.8 0.8 -8.23372E-15 5.82236E-15 1.417E-14 -1.17019E-14 -5.67028E-15 -1.39619E-14
25 6.6E-08 0.25 0.25 0.800001 0.8 0.25 0.25 0.8 0.8 0.800001 6.70331E-12 -5.34755E-12 -5.66516E-12 4.30936E-12 -2.58547E-11 2.13827E-11
25 6.6E-08 0.25 0.3 0.8 0.8 0.25 0.3 0.8 0.8 0.8 -1.04015E-15 5.82236E-15 2.55906E-15 -7.28817E-15 -5.67028E-15 -2.4815E-15
25 6.6E-08 0.25 0.35 0.800001 0.8 0.25 0.35 0.8 0.8 0.800001 -1.10413E-11 -7.66916E-12 -8.3275E-12 2.70381E-11 -3.7184E-11 3.3585E-11
25 6.6E-08 0.25 0.4 0.800002 0.8 0.25 0.4 0.8 0.8 0.800002 -2.50068E-11 -8.85672E-12 -9.76952E-12 4.3633E-11 -4.30076E-11 3.95122E-11
25 6.6E-08 0.25 0.45 0.8 0.8 0.25 0.45 0.8 0.8 0.8 -3.5292E-17 5.82236E-15 3.66626E-16 -6.22613E-15 -5.67028E-15 -4.66817E-16
25 6.6E-08 0.25 0.5 0.8 0.8 0.25 0.5 0.8 0.8 0.8 -9.88522E-18 5.82236E-15 4.39043E-16 -6.08403E-15 -5.67028E-15 -3.04285E-16
25 6.6E-08 0.25 0.55 0.8 0.8 0.25 0.55 0.8 0.8 0.8 -2.9093E-18 5.82236E-15 1.54422E-16 -6.00247E-15 -5.67028E-15 -2.18836E-16
25 6.6E-08 0.25 0.6 0.8 0.8 0.25 0.6 0.8 0.8 0.8 -7.12044E-19 5.82236E-15 1.97822E-16 -5.91976E-15 -5.67028E-15 -1.35718E-16
25 6.6E-08 0.25 0.65 0.8 0.8 0.25 0.65 0.8 0.8 0.8 -1.53368E-19 5.82236E-15 -3.38113E-17 -5.85114E-15 -5.67028E-15 -6.7151E-17
25 6.6E-08 0.25 0.7 0.8 0.8 0.25 0.7 0.8 0.8 0.8 -3.35101E-19 5.82236E-15 1.73599E-16 -5.83688E-15 -5.67028E-15 -5.26182E-17
25 6.6E-08 0.25 0.75 0.8 0.8 0.25 0.75 0.8 0.8 0.8 -3.44314E-19 5.82236E-15 -5.80344E-17 -5.78642E-15 -5.67028E-15 -2.1032E-18
25 6.6E-08 0.25 0.8 0.8 0.8 0.25 0.8 0.8 0.8 0.8 -6.13202E-22 5.82236E-15 -6.76227E-17 -5.80735E-15 -5.67028E-15 -2.33981E-17
25 6.6E-08 0.3 0.05 0.8 0.8 0.3 0.05 0.8 0.8 0.8 -1.80063E-13 2.55906E-15 2.31322E-13 -5.3769E-14 -2.4807E-15 -2.30627E-13
25 6.6E-08 0.3 0.1 0.8 0.8 0.3 0.1 0.8 0.8 0.8 -6.87398E-14 2.55906E-15 9.08327E-14 -2.46353E-14 -2.4807E-15 -9.03801E-14
25 6.6E-08 0.3 0.15 0.8 0.8 0.3 0.15 0.8 0.8 0.8 -2.58665E-14 2.55906E-15 3.56252E-14 -1.22881E-14 -2.4807E-15 -3.53122E-14
25 6.6E-08 0.3 0.2 0.8 0.8 0.3 0.2 0.8 0.8 0.8 -9.65842E-15 2.55906E-15 1.417E-14 -7.04873E-15 -2.4807E-15 -1.39738E-14
25 6.6E-08 0.3 0.25 0.8 0.8 0.3 0.25 0.8 0.8 0.8 -3.56352E-15 2.55906E-15 5.74036E-15 -4.77806E-15 -2.4807E-15 -5.68432E-15
25 6.6E-08 0.3 0.3 0.800001 0.8 0.3 0.3 0.8 0.8 0.800001 8.68711E-12 -7.4203E-12 -8.02738E-12 6.76061E-12 -3.50675E-11 3.18195E-11
25 6.6E-08 0.3 0.35 0.8 0.8 0.3 0.35 0.8 0.8 0.8 -4.48607E-16 2.55906E-15 1.34589E-15 -3.30396E-15 -2.4807E-15 -1.17582E-15
25 6.6E-08 0.3 0.4 0.8 0.8 0.3 0.4 0.8 0.8 0.8 -1.50349E-16 2.55906E-15 6.51247E-16 -3.08557E-15 -2.4807E-15 -6.73748E-16
25 6.6E-08 0.3 0.45 0.8 0.8 0.3 0.45 0.8 0.8 0.8 -4.72391E-17 2.55906E-15 3.66626E-16 -2.96311E-15 -2.4807E-15 -4.56143E-16
25 6.6E-08 0.3 0.5 0.8 0.8 0.3 0.5 0.8 0.8 0.8 -1.2889E-17 2.55906E-15 4.39043E-16 -2.84105E-15 -2.4807E-15 -3.04687E-16
25 6.6E-08 0.3 0.55 0.8 0.8 0.3 0.55 0.8 0.8 0.8 -3.31581E-18 2.55906E-15 1.54422E-16 -2.73476E-15 -2.4807E-15 -1.91913E-16
25 6.6E-08 0.3 0.6 0.8 0.8 0.3 0.6 0.8 0.8 0.8 -8.36432E-19 2.55906E-15 1.97822E-16 -2.68568E-15 -2.4807E-15 -1.42143E-16
25 6.6E-08 0.3 0.65 0.8 0.8 0.3 0.65 0.8 0.8 0.8 -1.68457E-19 2.55906E-15 -3.38113E-17 -2.61449E-15 -2.4807E-15 -7.08929E-17
25 6.6E-08 0.3 0.7 0.8 0.8 0.3 0.7 0.8 0.8 0.8 -3.36239E-19 2.55906E-15 1.73599E-16 -2.58946E-15 -2.4807E-15 -4.55797E-17
25 6.6E-08 0.3 0.75 0.8 0.8 0.3 0.75 0.8 0.8 0.8 -3.44386E-19 2.55906E-15 -5.80344E-17 -2.55201E-15 -2.4807E-15 -8.09106E-18
25 6.6E-08 0.3 0.8 0.8 0.8 0.3 0.8 0.8 0.8 0.8 -3.99542E-22 2.55906E-15 -6.76227E-17 -2.54592E-15 -2.4807E-15 -2.34501E-18
25 6.6E-08 0.35 0.05 0.8 0.8 0.35 0.05 0.8 0.8 0.8 -2.00193E-13 1.34589E-15 2.31322E-13 -3.22874E-14 -1.17295E-15 -2.30613E-13
25 6.6E-08 0.35 0.1 0.8 0.8 0.35 0.1 0.8 0.8 0.8 -7.72991E-14 1.34589E-15 9.08327E-14 -1.47678E-14 -1.17295E-15 -9.04094E-14
25 6.6E-08 0.35 0.15 0.8 0.8 0.35 0.15 0.8 0.8 0.8 -2.95711E-14 1.34589E-15 3.56252E-14 -7.29161E-15 -1.17295E-15 -3.53577E-14
25 6.6E-08 0.35 0.2 0.800001 0.8 0.35 0.2 0.8 0.8 0.800001 2.71498E-11 -6.18988E-12 -6.78717E-12 -1.41727E-11 -2.82433E-11 2.42241E-11
25 6.6E-08 0.35 0.25 0.8 0.8 0.35 0.25 0.8 0.8 0.8 -4.30744E-15 1.34589E-15 5.74036E-15 -2.6881E-15 -1.17295E-15 -5.67573E-15
25 6.6E-08 0.35 0.3 0.8 0.8 0.35 0.3 0.8 0.8 0.8 -1.68453E-15 1.34589E-15 2.55906E-15 -2.09146E-15 -1.17295E-15 -2.507E-15
25 6.6E-08 0.35 0.35 0.8 0.8 0.35 0.35 0.8 0.8 0.8 -6.27558E-16 1.34589E-15 1.34589E-15 -1.80051E-15 -1.17295E-15 -1.18876E-15
25 6.6E-08 0.35 0.4 0.8 0.8 0.35 0.4 0.8 0.8 0.8 -2.29971E-16 1.34589E-15 6.51247E-16 -1.67901E-15 -1.17295E-15 -6.84267E-16
25 6.6E-08 0.35 0.45 0.8 0.8 0.35 0.45 0.8 0.8 0.8 -7.66704E-17 1.34589E-15 3.66626E-16 -1.60834E-15 -1.17295E-15 -4.68249E-16
25 6.6E-08 0.35 0.5 0.8 0.8 0.35 0.5 0.8 0.8 0.8 -1.90192E-17 1.34589E-15 4.39043E-16 -1.47843E-15 -1.17295E-15 -2.8565E-16
25 6.6E-08 0.35 0.55 0.8 0.8 0.35 0.55 0.8 0.8 0.8 -4.63531E-18 1.34589E-15 1.54422E-16 -1.39014E-15 -1.17295E-15 -1.86072E-16
25 6.6E-08 0.35 0.6 0.8 0.8 0.35 0.6 0.8 0.8 0.8 -9.84978E-19 1.34589E-15 1.97822E-16 -1.31619E-15 -1.17295E-15 -1.10254E-16
25 6.6E-08 0.35 0.65 0.8 0.8 0.35 0.65 0.8 0.8 0.8 -2.48009E-19 1.34589E-15 -3.38113E-17 -1.30928E-15 -1.17295E-15 -1.03208E-16
25 6.6E-08 0.35 0.7 0.8 0.8 0.35 0.7 0.8 0.8 0.8 -3.35056E-19 1.34589E-15 1.73599E-16 -1.2281E-15 -1.17295E-15 -2.16605E-17
25 6.6E-08 0.35 0.75 0.8 0.8 0.35 0.75 0.8 0.8 0.8 -3.45584E-19 1.34589E-15 -5.80344E-17 -1.2255E-15 -1.17295E-15 -1.90372E-17
25 6.6E-08 0.35 0.8 0.8 0.8 0.35 0.8 0.8 0.8 0.8 -1.00337E-21 1.34589E-15 -6.76227E-17 -1.23582E-15 -1.17295E-15 -2.96977E-17
25 6.6E-08 0.4 0.05 0.8 0.8 0.4 0.05 0.8 0.8 0.8 -2.16121E-13 6.51247E-16 2.31322E-13 -1.58228E-14 -6.76126E-16 -2.30587E-13
25 6.6E-08 0.4 0.1 0.8 0.8 0.4 0.1 0.8 0.8 0.8 -8.419E-14 6.51247E-16 9.08327E-14 -7.35433E-15 -6.76126E-16 -9.03982E-14
25 6.6E-08 0.4 0.15 0.8 0.8 0.4 0.15 0.8 0.8 0.8 -3.26383E-14 6.51247E-16 3.56252E-14 -3.72326E-15 -6.76126E-16 -3.53681E-14
25 6.6E-08 0.4 0.2 0.800001 0.8 0.4 0.2 0.8 0.8 0.800001 3.88694E-11 -7.13863E-12 -7.84208E-12 -2.38886E-11 -3.20587E-11 2.79941E-11
25 6.6E-08 0.4 0.25 0.8 0.8 0.4 0.25 0.8 0.8 0.8 -5.01204E-15 6.51247E-16 5.74036E-15 -1.47302E-15 -6.76126E-16 -5.67665E-15
25 6.6E-08 0.4 0.3 0.800003 0.8 0.4 0.3 0.8 0.8 0.800003 4.54369E-11 -1.03203E-11 -1.12002E-11 -2.39163E-11 -4.63786E-11 4.45026E-11
25 6.6E-08 0.4 0.35 0.8 0.8 0.4 0.35 0.8 0.8 0.8 -8.60472E-16 6.51247E-16 1.34589E-15 -1.06588E-15 -6.76126E-16 -1.19845E-15
25 6.6E-08 0.4 0.4 0.8 0.8 0.4 0.4 0.8 0.8 0.8 -3.49686E-16 6.51247E-16 6.51247E-16 -1.02581E-15 -6.76126E-16 -6.6218E-16
25 6.6E-08 0.4 0.45 0.8 0.8 0.4 0.45 0.8 0.8 0.8 -1.32696E-16 6.51247E-16 3.66626E-16 -1.0225E-15 -6.76126E-16 -4.49827E-16
25 6.6E-08 0.4 0.5 0.8 0.8 0.4 0.5 0.8 0.8 0.8 -4.05692E-17 6.51247E-16 4.39043E-16 -9.89113E-16 -6.76126E-16 -3.29289E-16
25 6.6E-08 0.4 0.55 0.8 0.8 0.4 0.55 0.8 0.8 0.8 -8.11619E-18 6.51247E-16 1.54422E-16 -8.69995E-16 -6.76126E-16 -1.80808E-16
25 6.6E-08 0.4 0.6 0.8 0.8 0.4 0.6 0.8 0.8 0.8 -1.62358E-18 6.51247E-16 1.97822E-16 -8.0447E-16 -6.76126E-16 -1.10578E-16
25 6.6E-08 0.4 0.65 0.8 0.8 0.4 0.65 0.8 0.8 0.8 -3.34729E-19 6.51247E-16 -3.38113E-17 -7.70811E-16 -6.76126E-16 -7.62255E-17
25 6.6E-08 0.4 0.7 0.8 0.8 0.4 0.7 0.8 0.8 0.8 -3.51774E-19 6.51247E-16 1.73599E-16 -7.2592E-16 -6.76126E-16 -3.09068E-17
25 6.6E-08 0.4 0.75 0.8 0.8 0.4 0.75 0.8 0.8 0.8 -3.44685E-19 6.51247E-16 -5.80344E-17 -6.96828E-16 -6.76126E-16 -1.76638E-18
25 6.6E-08 0.4 0.8 0.8 0.8 0.4 0.8 0.8 0.8 0.8 -1.16192E-21 6.51247E-16 -6.76227E-17 -7.09588E-16 -6.76126E-16 -1.48661E-17
25 6.6E-08 0.45 0.05 0.8 0.8 0.45 0.05 0.8 0.8 0.8 -2.25307E-13 3.66626E-16 2.31322E-13 -6.44305E-15 -4.73973E-16 -2.30604E-13
25 6.6E-08 0.45 0.1 0.8 0.8 0.45 0.1 0.8 0.8 0.8 -8.8219E-14 3.66626E-16 9.08327E-14 -3.12033E-15 -4.73973E-16 -9.04033E-14
25 6.6E-08 0.45 0.15 0.8 0.8 0.45 0.15 0.8 0.8 0.8 -3.44186E-14 3.66626E-16 3.56252E-14 -1.69016E-15 -4.73973E-16 -3.53254E-14
25 6.6E-08 0.45 0.2 0.800001 0.8 0.45 0.2 0.8 0.8 0.800001 4.22117E-11 -6.87707E-12 -7.60128E-12 -2.77333E-11 -3.09196E-11 2.71371E-11
25 6.6E-08 0.45 0.25 0.800001 0.8 0.45 0.25 0.8 0.8 0.800001 4.16485E-11 -6.98343E-12 -7.61844E-12 -2.70468E-11 -3.14003E-11 2.88107E-11
25 6.6E-08 0.45 0.3 0.800003 0.8 0.45 0.3 0.8 0.8 0.800003 4.88417E-11 -8.6474E-12 -9.43278E-12 -3.07614E-11 -3.88878E-11 3.7497E-11
25 6.6E-08 0.45 0.35 0.800009 0.8 0.45 0.35 0.8 0.8 0.800009 8.94374E-11 -1.78991E-11 -1.99398E-11 -5.15985E-11 -8.05154E-11 8.08102E-11
25 6.6E-08 0.45 0.4 0.8 0.8 0.45 0.4 0.8 0.8 0.8 -5.17595E-16 3.66626E-16 6.51247E-16 -6.71373E-16 -4.73973E-16 -6.85758E-16
25 6.6E-08 0.45 0.45 0.8 0.8 0.45 0.45 0.8 0.8 0.8 -2.27919E-16 3.66626E-16 3.66626E-16 -7.01892E-16 -4.73973E-16 -4.3456E-16
25 6.6E-08 0.45 0.5 0.8 0.8 0.45 0.5 0.8 0.8 0.8 -7.98239E-17 3.66626E-16 4.39043E-16 -7.13445E-16 -4.73973E-16 -3.02983E-16
25 6.6E-08 0.45 0.55 0.8 0.8 0.45 0.55 0.8 0.8 0.8 -2.22817E-17 3.66626E-16 1.54422E-16 -6.93794E-16 -4.73973E-16 -2.28881E-16
25 6.6E-08 0.45 0.6 0.8 0.8 0.45 0.6 0.8 0.8 0.8 -3.47881E-18 3.66626E-16 1.97822E-16 -5.9229E-16 -4.73973E-16 -1.10363E-16
25 6.6E-08 0.45 0.65 0.8 0.8 0.45 0.65 0.8 0.8 0.8 -5.21323E-19 3.66626E-16 -3.38113E-17 -5.37094E-16 -4.73973E-16 -5.28042E-17
25 6.6E-08 0.45 0.7 0.8 0.8 0.45 0.7 0.8 0.8 0.8 -4.21456E-19 3.66626E-16 1.73599E-16 -5.31004E-16 -4.73973E-16 -4.61676E-17
25 6.6E-08 0.45 0.75 0.8 0.8 0.45 0.75 0.8 0.8 0.8 -3.56161E-19 3.66626E-16 -5.80344E-17 -5.0678E-16 -4.73973E-16 -2.18388E-17
25 6.6E-08 0.45 0.8 0.8 0.8 0.45 0.8 0.8 0.8 0.8 -5.75602E-21 3.66626E-16 -6.76227E-17 -5.24528E-16 -4.73973E-16 -3.99206E-17
25 6.6E-08 0.5 0.05 0.8 0.8 0.5 0.05 0.8 0.8 0.8 -2.29281E-13 4.39043E-16 2.31322E-13 -2.31129E-15 -3.1299E-16 -2.30612E-13
25 6.6E-08 0.5 0.1 0.8 0.8 0.5 0.1 0.8 0.8 0.8 -8.99734E-14 4.39043E-16 9.08327E-14 -1.20149E-15 -3.1299E-16 -9.04048E-14
25 6.6E-08 0.5 0.15 0.8 0.8 0.5 0.15 0.8 0.8 0.8 -3.52271E-14 4.39043E-16 3.56252E-14 -7.23342E-16 -3.1299E-16 -3.5333E-14
25 6.6E-08 0.5 0.2 0.8 0.8 0.5 0.2 0.8 0.8 0.8 -1.39421E-14 4.39043E-16 1.417E-14 -5.16575E-16 -3.1299E-16 -1.39503E-14
25 6.6E-08 0.5 0.25 0.800002 0.8 0.5 0.25 0.8 0.8 0.800002 4.73266E-11 -7.37133E-12 -8.11773E-12 -3.18373E-11 -3.34194E-11 3.07055E-11
25 6.6E-08 0.5 0.3 0.8 0.8 0.5 0.3 0.8 0.8 0.8 -2.49126E-15 4.39043E-16 2.55906E-15 -3.91004E-16 -3.1299E-16 -2.50073E-15
25 6.6E-08 0.5 0.35 0.8 0.8 0.5 0.35 0.8 0.8 0.8 -1.17483E-15 4.39043E-16 1.34589E-15 -3.80706E-16 -3.1299E-16 -1.2037E-15
25 6.6E-08 0.5 0.4 0.8 0.8 0.5 0.4 0.8 0.8 0.8 -6.16252E-16 4.39043E-16 6.51247E-16 -3.91239E-16 -3.1299E-16 -6.7023E-16
25 6.6E-08 0.5 0.45 0.8 0.8 0.5 0.45 0.8 0.8 0.8 -3.68203E-16 4.39043E-16 3.66626E-16 -4.3514E-16 -3.1299E-16 -4.74038E-16
25 6.6E-08 0.5 0.5 0.8 0.8 0.5 0.5 0.8 0.8 0.8 -1.3687E-16 4.39043E-16 4.39043E-16 -4.49861E-16 -3.1299E-16 -2.62393E-16
25 6.6E-08 0.5 0.55 0.8 0.8 0.5 0.55 0.8 0.8 0.8 -4.82088E-17 4.39043E-16 1.54422E-16 -4.73465E-16 -3.1299E-16 -2.00427E-16
25 6.6E-08 0.5 0.6 0.8 0.8 0.5 0.6 0.8 0.8 0.8 -1.01846E-17 4.39043E-16 1.97822E-16 -4.33805E-16 -3.1299E-16 -1.24533E-16
25 6.6E-08 0.5 0.65 0.8 0.8 0.5 0.65 0.8 0.8 0.8 -1.05869E-18 4.39043E-16 -3.38113E-17 -3.59009E-16 -3.1299E-16 -4.12058E-17
25 6.6E-08 0.5 0.7 0.8 0.8 0.5 0.7 0.8 0.8 0.8 -6.87137E-19 4.39043E-16 1.73599E-16 -3.7847E-16 -3.1299E-16 -5.98479E-17
25 6.6E-08 0.5 0.75 0.8 0.8 0.5 0.75 0.8 0.8 0.8 -3.51014E-19 4.39043E-16 -5.80344E-17 -3.21448E-16 -3.1299E-16 -2.44901E-18
25 6.6E-08 0.5 0.8 0.8 0.8 0.5 0.8 0.8 0.8 0.8 -1.70776E-20 4.39043E-16 -6.76227E-17 -3.59954E-16 -3.1299E-16 -4.1306E-17
25 6.6E-08 0.55 0.05 0.8 0.8 0.55 0.05 0.8 0.8 0.8 -2.30691E-13 1.54422E-16 2.31322E-13 -8.06845E-16 -2.07982E-16 -2.30626E-13
25 6.6E-08 0.55 0.1 0.8 0.8 0.55 0.1 0.8 0.8 0.8 -9.0579E-14 1.54422E-16 9.08327E-14 -4.74652E-16 -2.07982E-16 -9.03917E-14
25 6.6E-08 0.55 0.15 0.8 0.8 0.55 0.15 0.8 0.8 0.8 -3.55027E-14 1.54422E-16 3.56252E-14 -3.31515E-16 -2.07982E-16 -3.53248E-14
25 6.6E-08 0.55 0.2 0.8 0.8 0.55 0.2 0.8 0.8 0.8 -1.40688E-14 1.54422E-16 1.417E-14 -2.69568E-16 -2.07982E-16 -1.39381E-14
25 6.6E-08 0.55 0.25 0.8 0.8 0.55 0.25 0.8 0.8 0.8 -5.74462E-15 1.54422E-16 5.74036E-15 -2.42704E-16 -2.07982E-16 -5.66307E-15
25 6.6E-08 0.55 0.3 0.8 0.8 0.55 0.3 0.8 0.8 0.8 -2.54895E-15 1.54422E-16 2.55906E-15 -2.32172E-16 -2.07982E-16 -2.50769E-15
25 6.6E-08 0.55 0.35 0.8 0.8 0.55 0.35 0.8 0.8 0.8 -1.18613E-15 1.54422E-16 1.34589E-15 -2.28771E-16 -2.07982E-16 -1.17117E-15
25 6.6E-08 0.55 0.4 0.800038 0.8 0.55 0.4 0.8 0.8 0.800038 1.82679E-10 -2.87864E-11 -3.32992E-11 -1.20594E-10 -1.32219E-10 1.35341E-10
25 6.6E-08 0.55 0.45 0.800127 0.8 0.55 0.45 0.8 0.8 0.800127 2.20099E-10 -3.8341E-11 -4.44571E-11 -1.373E-10 -1.76157E-10 1.81562E-10
25 6.6E-08 0.55 0.5 0.8 0.8 0.55 0.5 0.8 0.8 0.8 -2.5545E-16 1.54422E-16 4.39043E-16 -2.84458E-16 -2.07982E-16 -3.2367E-16
25 6.6E-08 0.55 0.55 0.8 0.8 0.55 0.55 0.8 0.8 0.8 -8.4285E-17 1.54422E-16 1.54422E-16 -2.92267E-16 -2.07982E-16 -1.63406E-16
25 6.6E-08 0.55 0.6 0.8 0.8 0.55 0.6 0.8 0.8 0.8 -2.99449E-17 1.54422E-16 1.97822E-16 -3.15274E-16 -2.07982E-16 -1.33863E-16
25 6.6E-08 0.55 0.65 0.8 0.8 0.55 0.65 0.8 0.8 0.8 -2.94084E-18 1.54422E-16 -3.38113E-17 -2.47329E-16 -2.07982E-16 -3.95083E-17
25 6.6E-08 0.55 0.7 0.8 0.8 0.55 0.7 0.8 0.8 0.8 -6.39981E-19 1.54422E-16 1.73599E-16 -2.25506E-16 -2.07982E-16 -1.49377E-17
25 6.6E-08 0.55 0.75 0.8 0.8 0.55 0.75 0.8 0.8 0.8 -4.39911E-19 1.54422E-16 -5.80344E-17 -2.28515E-16 -2.07982E-16 -1.77067E-17
25 6.6E-08 0.55 0.8 0.8 0.8 0.55 0.8 0.8 0.8 0.8 -1.05104E-20 1.54422E-16 -6.76227E-17 -2.17356E-16 -2.07982E-16 -6.80262E-18
25 6.6E-08 0.6 0.05 0.8 0.8 0.6 0.05 0.8 0.8 0.8 -2.31115E-13 1.97822E-16 2.31322E-13 -3.19287E-16 -1.52008E-16 -2.3062E-13
25 6.6E-08 0.6 0.1 0.8 0.8 0.6 0.1 0.8 0.8 0.8 -9.07624E-14 1.97822E-16 9.08327E-14 -2.2653E-16 -1.52008E-16 -9.03847E-14
25 6.6E-08 0.6 0.15 0.8 0.8 0.6 0.15 0.8 0.8 0.8 -3.56231E-14 1.97822E-16 3.56252E-14 -1.86596E-16 -1.52008E-16 -3.53581E-14
25 6.6E-08 0.6 0.2 0.8 0.8 0.6 0.2 0.8 0.8 0.8 -1.41189E-14 1.97822E-16 1.417E-14 -1.69272E-16 -1.52008E-16 -1.39456E-14
25 6.6E-08 0.6 0.25 0.8 0.8 0.6 0.25 0.8 0.8 0.8 -5.78588E-15 1.97822E-16 5.74036E-15 -1.61791E-16 -1.52008E-16 -5.68118E-15
25 6.6E-08 0.6 0.3 0.8 0.8 0.6 0.3 0.8 0.8 0.8 -2.567E-15 1.97822E-16 2.55906E-15 -1.58834E-16 -1.52008E-16 -2.51016E-15
25 6.6E-08 0.6 0.35 0.8 0.8 0.6 0.35 0.8 0.8 0.8 -1.24041E-15 1.97822E-16 1.34589E-15 -1.58092E-16 -1.52008E-16 -1.21253E-15
25 6.6E-08 0.6 0.4 0.800028 0.8 0.6 0.4 0.8 0.8 0.800028 1.37413E-10 -2.03973E-11 -2.40252E-11 -9.29911E-11 -9.53878E-11 9.761E-11
25 6.6E-08 0.6 0.45 0.8 0.8 0.6 0.45 0.8 0.8 0.8 -4.54258E-16 1.97822E-16 3.66626E-16 -1.64651E-16 -1.52008E-16 -4.55468E-16
25 6.6E-08 0.6 0.5 0.8 0.8 0.6 0.5 0.8 0.8 0.8 -2.90291E-16 1.97822E-16 4.39043E-16 -1.76253E-16 -1.52008E-16 -3.0807E-16
25 6.6E-08 0.6 0.55 0.800018 0.8 0.6 0.55 0.8 0.8 0.800018 -1.15595E-12 1.89302E-13 -2.51437E-13 1.21815E-12 -2.69146E-13 6.73856E-12
25 6.6E-08 0.6 0.6 0.8 0.8 0.6 0.6 0.8 0.8 0.8 -6.13351E-17 1.97822E-16 1.97822E-16 -2.13343E-16 -1.52008E-16 -1.21085E-16
25 6.6E-08 0.6 0.65 0.8 0.8 0.6 0.65 0.8 0.8 0.8 -1.32175E-17 1.97822E-16 -3.38113E-17 -2.01374E-16 -1.52008E-16 -6.15926E-17
25 6.6E-08 0.6 0.7 0.8 0.8 0.6 0.7 0.8 0.8 0.8 -2.40699E-18 1.97822E-16 1.73599E-16 -1.82114E-16 -1.52008E-16 -3.10753E-17
25 6.6E-08 0.6 0.75 0.8 0.8 0.6 0.75 0.8 0.8 0.8 -6.09539E-19 1.97822E-16 -5.80344E-17 -1.67114E-16 -1.52008E-16 -1.42376E-17
25 6.6E-08 0.6 0.8 0.8 0.8 0.6 0.8 0.8 0.8 0.8 -1.79372E-19 1.97822E-16 -6.76227E-17 -1.90857E-16 -1.52008E-16 -3.82357E-17
25 6.6E-08 0.65 0.05 0.8 0.8 0.65 0.05 0.8 0.8 0.8 -2.31225E-13 -3.38113E-17 2.31322E-13 -1.19582E-16 -7.4755E-17 -2.30608E-13
25 6.6E-08 0.65 0.1 0.8 0.8 0.65 0.1 0.8 0.8 0.8 -9.08171E-14 -3.38113E-17 9.08327E-14 -9.47238E-17 -7.4755E-17 -9.03854E-14
25 6.6E-08 0.65 0.15 0.8 0.8 0.65 0.15 0.8 0.8 0.8 -3.56249E-14 -3.38113E-17 3.56252E-14 -8.40142E-17 -7.4755E-17 -3.53352E-14
25 6.6E-08 0.65 0.2 0.8 0.8 0.65 0.2 0.8 0.8 0.8 -1.41321E-14 -3.38113E-17 1.417E-14 -7.9377E-17 -7.4755E-17 -1.39468E-14
25 6.6E-08 0.65 0.25 0.800001 0.8 0.65 0.25 0.8 0.8 0.800001 3.50011E-11 -5.03515E-12 -5.86283E-12 -2.41031E-11 -2.41288E-11 2.2171E-11
25 6.6E-08 0.65 0.3 0.800002 0.8 0.65 0.3 0.8 0.8 0.800002 3.61219E-11 -5.19867E-12 -6.05098E-12 -2.4872E-11 -2.49133E-11 2.40533E-11
25 6.6E-08 0.65 0.35 0.8 0.8 0.65 0.35 0.8 0.8 0.8 -1.21091E-15 -3.38113E-17 1.34589E-15 -7.63409E-17 -7.4755E-17 -1.17912E-15
25 6.6E-08 0.65 0.4 0.8 0.8 0.65 0.4 0.8 0.8 0.8 -7.07952E-16 -3.38113E-17 6.51247E-16 -7.67833E-17 -7.4755E-17 -6.91187E-16
25 6.6E-08 0.65 0.45 0.8 0.8 0.65 0.45 0.8 0.8 0.8 -4.90252E-16 -3.38113E-17 3.66626E-16 -7.83977E-17 -7.4755E-17 -4.83056E-16
25 6.6E-08 0.65 0.5 0.8 0.8 0.65 0.5 0.8 0.8 0.8 -3.04247E-16 -3.38113E-17 4.39043E-16 -8.15531E-17 -7.4755E-17 -3.05174E-16
25 6.6E-08 0.65 0.55 0.800004 0.8 0.65 0.55 0.8 0.8 0.800004 -1.9678E-12 5.97619E-13 1.4596E-13 1.2241E-12 1.13594E-12 3.28724E-12
25 6.6E-08 0.65 0.6 0.8 0.8 0.65 0.6 0.8 0.8 0.8 -5.4531E-13 1.44787E-13 8.00708E-14 3.20303E-13 3.20557E-13 5.70191E-13
25 6.6E-08 0.65 0.65 0.8 0.8 0.65 0.65 0.8 0.8 0.8 -3.72958E-17 -3.38113E-17 -3.38113E-17 -1.12051E-16 -7.4755E-17 -7.41959E-17
25 6.6E-08 0.65 0.7 0.8 0.8 0.65 0.7 0.8 0.8 0.8 -7.11967E-18 -3.38113E-17 1.73599E-16 -1.00807E-16 -7.4755E-17 -3.23287E-17
25 6.6E-08 0.65 0.75 0.8 0.8 0.65 0.75 0.8 0.8 0.8 -1.63265E-18 -3.38113E-17 -5.80344E-17 -9.38951E-17 -7.4755E-17 -1.98898E-17
25 6.6E-08 0.65 0.8 0.8 0.8 0.65 0.8 0.8 0.8 0.8 -4.72592E-19 -3.38113E-17 -6.76227E-17 -1.01995E-16 -7.4755E-17 -2.75144E-17
25 6.6E-08 0.7 0.05 0.8 0.8 0.7 0.05 0.8 0.8 0.8 -2.31294E-13 1.73599E-16 2.31322E-13 -3.82233E-17 -2.61828E-17 -2.30644E-13
25 6.6E-08 0.7 0.1 0.8 0.8 0.7 0.1 0.8 0.8 0.8 -9.08145E-14 1.73599E-16 9.08327E-14 -3.17091E-17 -2.61828E-17 -9.0368E-14
25 6.6E-08 0.7 0.15 0.8 0.8 0.7 0.15 0.8 0.8 0.8 -3.56263E-14 1.73599E-16 3.56252E-14 -2.89044E-17 -2.61828E-17 -3.53296E-14
25 6.6E-08 0.7 0.2 0.8 0.8 0.7 0.2 0.8 0.8 0.8 -1.41571E-14 1.73599E-16 1.417E-14 -2.7692E-17 -2.61828E-17 -1.39682E-14
25 6.6E-08 0.7 0.25 0.8 0.8 0.7 0.25 0.8 0.8 0.8 -5.80102E-15 1.73599E-16 5.74036E-15 -2.71656E-17 -2.61828E-17 -5.68768E-15
25 6.6E-08 0.7 0.3 0.8 0.8 0.7 0.3 0.8 0.8 0.8 -2.53696E-15 1.73599E-16 2.55906E-15 -2.6951E-17 -2.61828E-17 -2.47421E-15
25 6.6E-08 0.7 0.35 0.800007 0.8 0.7 0.35 0.8 0.8 0.800007 7.214E-11 -1.00535E-11 -1.23423E-11 -4.97443E-11 -4.97839E-11 5.00251E-11
25 6.6E-08 0.7 0.4 0.80003 0.8 0.7 0.4 0.8 0.8 0.80003 1.48277E-10 -2.06172E-11 -2.57203E-11 -1.0194E-10 -1.0212E-10 1.04509E-10
25 6.6E-08 0.7 0.45 0.800104 0.8 0.7 0.45 0.8 0.8 0.800104 1.92426E-10 -2.67812E-11 -3.34945E-11 -1.32151E-10 -1.3277E-10 1.36789E-10
25 6.6E-08 0.7 0.5 0.800026 0.8 0.7 0.5 0.8 0.8 0.800026 1.57396E-11 -2.2056E-12 -2.73804E-12 -1.07958E-11 -1.09512E-11 1.13049E-11
25 6.6E-08 0.7 0.55 0.8 0.8 0.7 0.55 0.8 0.8 0.8 -2.15118E-16 1.73599E-16 1.54422E-16 -3.06873E-17 -2.61828E-17 -2.16396E-16
25 6.6E-08 0.7 0.6 0.8 0.8 0.7 0.6 0.8 0.8 0.8 -7.17568E-13 2.41105E-13 1.0008E-13 3.76325E-13 3.76613E-13 7.49769E-13
25 6.6E-08 0.7 0.65 0.8 0.8 0.7 0.65 0.8 0.8 0.8 -7.62844E-14 2.41191E-14 1.42351E-14 3.79386E-14 3.81539E-14 7.99516E-14
25 6.6E-08 0.7 0.7 0.8 0.8 0.7 0.7 0.8 0.8 0.8 6.52926E-18 1.73599E-16 1.73599E-16 -1.96535E-17 -2.61828E-17 1.43485E-17
25 6.6E-08 0.7 0.75 0.8 0.8 0.7 0.75 0.8 0.8 0.8 -4.20883E-19 1.73599E-16 -5.80344E-17 -2.6808E-17 -2.61828E-17 2.83905E-19
25 6.6E-08 0.7 0.8 0.8 0.8 0.7 0.8 0.8 0.8 0.8 -6.29189E-19 1.73599E-16 -6.76227E-17 -3.59689E-17 -2.61828E-17 -9.77038E-18
25 6.6E-08 0.75 0.05 0.8 0.8 0.75 0.05 0.8 0.8 0.8 -2.31296E-13 -5.80344E-17 2.31322E-13 -2.95567E-17 -2.61828E-17 -2.30638E-13
25 6.6E-08 0.75 0.1 0.8 0.8 0.75 0.1 0.8 0.8 0.8 -9.08033E-14 -5.80344E-17 9.08327E-14 -2.78714E-17 -2.61828E-17 -9.03529E-14
25 6.6E-08 0.75 0.15 0.8 0.8 0.75 0.15 0.8 0.8 0.8 -3.56439E-14 -5.80344E-17 3.56252E-14 -2.71463E-17 -2.61828E-17 -3.53454E-14
25 6.6E-08 0.75 0.2 0.8 0.8 0.75 0.2 0.8 0.8 0.8 -1.41925E-14 -5.80344E-17 1.417E-14 -2.68331E-17 -2.61828E-17 -1.40027E-14
25 6.6E-08 0.75 0.25 0.8 0.8 0.75 0.25 0.8 0.8 0.8 -5.79316E-15 -5.80344E-17 5.74036E-15 -2.66959E-17 -2.61828E-17 -5.6793E-15
25 6.6E-08 0.75 0.3 0.8 0.8 0.75 0.3 0.8 0.8 0.8 -2.57053E-15 -5.80344E-17 2.55906E-15 -2.66422E-17 -2.61828E-17 -2.50743E-15
25 6.6E-08 0.75 0.35 0.800009 0.8 0.75 0.35 0.8 0.8 0.800009 9.52824E-11 -1.27974E-11 -1.63877E-11 -6.6097E-11 -6.61105E-11 6.64493E-11
25 6.6E-08 0.75 0.4 0.800013 0.8 0.75 0.4 0.8 0.8 0.800013 6.25426E-11 -8.37852E-12 -1.09032E-11 -4.32612E-11 -4.3281E-11 4.42654E-11
25 6.6E-08 0.75 0.45 0.8 0.8 0.75 0.45 0.8 0.8 0.8 -4.6623E-16 -5.80344E-17 3.66626E-16 -2.67535E-17 -2.61828E-17 -4.55476E-16
25 6.6E-08 0.75 0.5 0.800076 0.8 0.75 0.5 0.8 0.8 0.800076 4.57512E-11 -6.10025E-12 -7.96324E-12 -3.16877E-11 -3.18044E-11 3.30428E-11
25 6.6E-08 0.75 0.55 0.800002 0.8 0.75 0.55 0.8 0.8 0.800002 -1.35133E-12 5.92839E-13 8.51117E-14 6.7339E-13 6.71297E-13 1.89275E-12
25 6.6E-08 0.75 0.6 0.8 0.8 0.75 0.6 0.8 0.8 0.8 -1.13307E-16 -5.80344E-17 1.97822E-16 -2.85747E-17 -2.61828E-17 -1.14221E-16
25 6.6E-08 0.75 0.65             
25 6.6E-08 0.75 0.7 0.8 0.8 0.75 0.7 0.8 0.8 0.8 -1.18724E-17 -5.80344E-17 1.73599E-16 -2.95132E-17 -2.61828E-17 -1.38728E-17
25 6.6E-08 0.75 0.75 0.8 0.8 0.75 0.75 0.8 0.8 0.8 -2.1883E-18 -5.80344E-17 -5.80344E-17 -2.83711E-17 -2.61828E-17 -3.00639E-18
25 6.6E-08 0.75 0.8 0.8 0.8 0.75 0.8 0.8 0.8 0.8 -3.79644E-18 -5.80344E-17 -6.76227E-17 -4.12974E-17 -2.61828E-17 -1.8226E-17
25 6.6E-08 0.8 0.05 0.8 0.8 0.8 0.05 0.8 0.8 0.8 -2.31257E-13 -6.76227E-17 2.31322E-13 -6.14502E-18 -5.36608E-18 -2.30596E-13
25 6.6E-08 0.8 0.1 0.8 0.8 0.8 0.1 0.8 0.8 0.8 -9.08514E-14 -6.76227E-17 9.08327E-14 -5.7122E-18 -5.36608E-18 -9.04003E-14
25 6.6E-08 0.8 0.15 0.8 0.8 0.8 0.15 0.8 0.8 0.8 -3.56574E-14 -6.76227E-17 3.56252E-14 -5.52573E-18 -5.36608E-18 -3.53588E-14
25 6.6E-08 0.8 0.2 0.8 0.8 0.8 0.2 0.8 0.8 0.8 2.05216E-11 -2.63965E-12 -3.52866E-12 -1.43532E-11 -1.43534E-11 1.26069E-11
25 6.6E-08 0.8 0.25 0.800001 0.8 0.8 0.25 0.8 0.8 0.800001 2.21791E-11 -2.8586E-12 -3.77609E-12 -1.55443E-11 -1.55446E-11 1.42783E-11
25 6.6E-08 0.8 0.3 0.8 0.8 0.8 0.3 0.8 0.8 0.8 -2.55538E-15 -6.76227E-17 2.55906E-15 -5.39593E-18 -5.36608E-18 -2.49254E-15
25 6.6E-08 0.8 0.35 0.800005 0.8 0.8 0.35 0.8 0.8 0.800005 5.23856E-11 -6.7276E-12 -9.07236E-12 -3.65855E-11 -3.65874E-11 3.67571E-11
25 6.6E-08 0.8 0.4 0.8 0.8 0.8 0.4 0.8 0.8 0.8 -6.75656E-16 -6.76227E-17 6.51247E-16 -5.39812E-18 -5.36608E-18 -6.57091E-16
25 6.6E-08 0.8 0.45 0.800049 0.8 0.8 0.45 0.8 0.8 0.800049 9.00822E-11 -1.15269E-11 -1.58286E-11 -6.27268E-11 -6.27461E-11 6.45684E-11
25 6.6E-08 0.8 0.5 0.8 0.8 0.8 0.5 0.8 0.8 0.8 -3.47184E-16 -6.76227E-17 4.39043E-16 -5.49935E-18 -5.36608E-18 -3.41644E-16
25 6.6E-08 0.8 0.55 0.8 0.8 0.8 0.55 0.8 0.8 0.8 -2.16048E-16 -6.76227E-17 1.54422E-16 -5.64533E-18 -5.36608E-18 -2.13746E-16
25 6.6E-08 0.8 0.6 0.8 0.8 0.8 0.6 0.8 0.8 0.8 -1.24192E-16 -6.76227E-17 1.97822E-16 -5.94355E-18 -5.36608E-18 -1.23977E-16
25 6.6E-08 0.8 0.65 0.8 0.8 0.8 0.65 0.8 0.8 0.8 -5.29862E-17 -6.76227E-17 -3.38113E-17 -6.28698E-18 -5.36608E-18 -5.37092E-17
25 6.6E-08 0.8 0.7 0.8 0.8 0.8 0.7 0.8 0.8 0.8 -1.71771E-17 -6.76227E-17 1.73599E-16 -6.48665E-18 -5.36608E-18 -1.76527E-17
25 6.6E-08 0.8 0.75 0.8 0.8 0.8 0.75 0.8 0.8 0.8 2.91122E-19 -6.76227E-17 -5.80344E-17 -5.20322E-18 -5.36608E-18 1.13908E-18
25 6.6E-08 0.8 0.8             
