
25 8.8E-08 0.05 0.05 0.8 0.8 0.05 0.05 0.8 0.8 0.8 -1.61544E-13 3.22193E-13 3.22193E-13 -4.82804E-13 -3.2126E-13 -3.21245E-13
25 8.8E-08 0.05 0.1 0.8 0.8 0.05 0.1 0.8 0.8 0.8 -5.97364E-14 3.22193E-13 1.26524E-13 -3.88912E-13 -3.2126E-13 -1.25838E-13
25 8.8E-08 0.05 0.15 0.8 0.8 0.05 0.15 0.8 0.8 0.8 -2.16218E-14 3.22193E-13 4.96415E-14 -3.50183E-13 -3.2126E-13 -4.9207E-14
25 8.8E-08 0.05 0.2 0.8 0.8 0.05 0.2 0.8 0.8 0.8 -7.67347E-15 3.22193E-13 1.97021E-14 -3.34208E-13 -3.2126E-13 -1.94352E-14
25 8.8E-08 0.05 0.25 0.8 0.8 0.05 0.25 0.8 0.8 0.8 -2.67517E-15 3.22193E-13 8.11851E-15 -3.27565E-13 -3.2126E-13 -7.90046E-15
25 8.8E-08 0.05 0.3 0.8 0.8 0.05 0.3 0.8 0.8 0.8 -9.76785E-12 -7.17519E-12 -7.33986E-12 2.4283E-11 -3.31182E-11 2.49538E-11
25 8.8E-08 0.05 0.35 0.8 0.8 0.05 0.35 0.8 0.8 0.8 -1.80682E-11 -8.05912E-12 -8.37736E-12 3.45048E-11 -3.701E-11 2.91946E-11
25 8.8E-08 0.05 0.4 0.8 0.8 0.05 0.4 0.8 0.8 0.8 -2.4663E-11 -8.40416E-12 -8.84594E-12 4.1913E-11 -3.85407E-11 3.10168E-11
25 8.8E-08 0.05 0.45 0.8 0.8 0.05 0.45 0.8 0.8 0.8 -2.78045E-11 -8.33513E-12 -8.7835E-12 4.49232E-11 -3.82493E-11 3.09663E-11
25 8.8E-08 0.05 0.5 0.8 0.8 0.05 0.5 0.8 0.8 0.8 -2.62686E-11 -7.45367E-12 -7.85135E-12 4.15736E-11 -3.43914E-11 2.78747E-11
25 8.8E-08 0.05 0.55 0.8 0.8 0.05 0.55 0.8 0.8 0.8 -3.64539E-18 3.22193E-13 3.72934E-16 -3.22425E-13 -3.2126E-13 -2.43136E-16
25 8.8E-08 0.05 0.6 0.8 0.8 0.05 0.6 0.8 0.8 0.8 -2.54352E-11 -7.04036E-12 -7.27945E-12 3.9755E-11 -3.258E-11 2.64482E-11
25 8.8E-08 0.05 0.65 0.8 0.8 0.05 0.65 0.8 0.8 0.8 -2.44972E-11 -6.75872E-12 -6.8772E-12 3.81331E-11 -3.13446E-11 2.54594E-11
25 8.8E-08 0.05 0.7 0.8 0.8 0.05 0.7 0.8 0.8 0.8 -4.74093E-19 3.22193E-13 5.16001E-17 -3.22206E-13 -3.2126E-13 -2.41772E-17
25 8.8E-08 0.05 0.75 0.8 0.8 0.05 0.75 0.8 0.8 0.8 -9.99182E-12 -2.56419E-12 -2.6511E-12 1.52072E-11 -1.29756E-11 1.0401E-11
25 8.8E-08 0.05 0.8 0.8 0.8 0.05 0.8 0.8 0.8 0.8 -1.49174E-21 3.22193E-13 9.53783E-17 -3.22158E-13 -3.2126E-13 2.36939E-17
25 8.8E-08 0.1 0.05 0.8 0.8 0.1 0.05 0.8 0.8 0.8 -1.71374E-13 1.26524E-13 3.22193E-13 -2.77298E-13 -1.25833E-13 -3.21289E-13
25 8.8E-08 0.1 0.1 0.8 0.8 0.1 0.1 0.8 0.8 0.8 -6.35681E-14 1.26524E-13 1.26524E-13 -1.89401E-13 -1.25833E-13 -1.25879E-13
25 8.8E-08 0.1 0.15 0.8 0.8 0.1 0.15 0.8 0.8 0.8 -2.3073E-14 1.26524E-13 4.96415E-14 -1.53024E-13 -1.25833E-13 -4.92193E-14
25 8.8E-08 0.1 0.2 0.8 0.8 0.1 0.2 0.8 0.8 0.8 -8.19984E-15 1.26524E-13 1.97021E-14 -1.37961E-13 -1.25833E-13 -1.94349E-14
25 8.8E-08 0.1 0.25 0.8 0.8 0.1 0.25 0.8 0.8 0.8 -2.85742E-15 1.26524E-13 8.11851E-15 -1.31679E-13 -1.25833E-13 -7.91618E-15
25 8.8E-08 0.1 0.3 0.8 0.8 0.1 0.3 0.8 0.8 0.8 -2.07664E-12 -1.71941E-12 -1.83004E-12 5.62608E-12 -8.17023E-12 6.22458E-12
25 8.8E-08 0.1 0.35 0.8 0.8 0.1 0.35 0.8 0.8 0.8 -3.3316E-16 1.26524E-13 1.86492E-15 -1.27892E-13 -1.25833E-13 -1.7176E-15
25 8.8E-08 0.1 0.4 0.800001 0.8 0.1 0.4 0.8 0.8 0.800001 -2.39395E-11 -8.44056E-12 -8.80996E-12 4.11899E-11 -3.75122E-11 3.08915E-11
25 8.8E-08 0.1 0.45 0.800001 0.8 0.1 0.45 0.8 0.8 0.800001 -2.76384E-11 -8.43519E-12 -8.81265E-12 4.48863E-11 -3.7502E-11 3.10693E-11
25 8.8E-08 0.1 0.5 0.8 0.8 0.1 0.5 0.8 0.8 0.8 -1.16569E-17 1.26524E-13 6.03053E-16 -1.2692E-13 -1.25833E-13 -4.62086E-16
25 8.8E-08 0.1 0.55 0.8 0.8 0.1 0.55 0.8 0.8 0.8 -3.39136E-18 1.26524E-13 3.72934E-16 -1.26684E-13 -1.25833E-13 -2.22225E-16
25 8.8E-08 0.1 0.6 0.8 0.8 0.1 0.6 0.8 0.8 0.8 -9.56967E-19 1.26524E-13 1.42815E-16 -1.26637E-13 -1.25833E-13 -1.74726E-16
25 8.8E-08 0.1 0.65 0.800001 0.8 0.1 0.65 0.8 0.8 0.800001 -2.65713E-11 -7.44397E-12 -7.46001E-12 4.14752E-11 -3.31781E-11 2.76169E-11
25 8.8E-08 0.1 0.7 0.8 0.8 0.1 0.7 0.8 0.8 0.8 -2.51417E-11 -7.03392E-12 -6.88592E-12 3.90617E-11 -3.13862E-11 2.61458E-11
25 8.8E-08 0.1 0.75 0.8 0.8 0.1 0.75 0.8 0.8 0.8 -4.82018E-19 1.26524E-13 7.94819E-17 -1.26473E-13 -1.25833E-13 -1.09889E-17
25 8.8E-08 0.1 0.8 0.8 0.8 0.1 0.8 0.8 0.8 0.8 -1.06258E-21 1.26524E-13 9.53783E-17 -1.26423E-13 -1.25833E-13 3.91129E-17
25 8.8E-08 0.15 0.05 0.8 0.8 0.15 0.05 0.8 0.8 0.8 -1.84164E-13 4.96415E-14 3.22193E-13 -1.87611E-13 -4.9191E-14 -3.21246E-13
25 8.8E-08 0.15 0.1 0.8 0.8 0.15 0.1 0.8 0.8 0.8 -6.86044E-14 4.96415E-14 1.26524E-13 -1.07495E-13 -4.9191E-14 -1.25864E-13
25 8.8E-08 0.15 0.15 0.8 0.8 0.15 0.15 0.8 0.8 0.8 -2.50369E-14 4.96415E-14 4.96415E-14 -7.4228E-14 -4.9191E-14 -4.92416E-14
25 8.8E-08 0.15 0.2 0.8 0.8 0.15 0.2 0.8 0.8 0.8 -8.92969E-15 4.96415E-14 1.97021E-14 -6.03586E-14 -4.9191E-14 -1.94168E-14
25 8.8E-08 0.15 0.25 0.8 0.8 0.15 0.25 0.8 0.8 0.8 -3.11057E-15 4.96415E-14 8.11851E-15 -5.45337E-14 -4.9191E-14 -7.87872E-15
25 8.8E-08 0.15 0.3 0.8 0.8 0.15 0.3 0.8 0.8 0.8 -7.04786E-12 -8.08685E-12 -8.22108E-12 2.33558E-11 -3.53191E-11 2.79598E-11
25 8.8E-08 0.15 0.35 0.8 0.8 0.15 0.35 0.8 0.8 0.8 -3.55302E-16 4.96415E-14 1.86492E-15 -5.09897E-14 -4.9191E-14 -1.69162E-15
25 8.8E-08 0.15 0.4 0.800001 0.8 0.15 0.4 0.8 0.8 0.800001 -2.60019E-11 -9.45455E-12 -9.95122E-12 4.54078E-11 -4.13215E-11 3.48964E-11
25 8.8E-08 0.15 0.45 0.800001 0.8 0.15 0.45 0.8 0.8 0.800001 -3.02236E-11 -9.27502E-12 -9.77353E-12 4.92721E-11 -4.05605E-11 3.4458E-11
25 8.8E-08 0.15 0.5 0.8 0.8 0.15 0.5 0.8 0.8 0.8 -1.14062E-17 4.96415E-14 6.03053E-16 -5.00351E-14 -4.9191E-14 -4.31406E-16
25 8.8E-08 0.15 0.55 0.8 0.8 0.15 0.55 0.8 0.8 0.8 -3.38942E-18 4.96415E-14 3.72934E-16 -4.98552E-14 -4.9191E-14 -2.47844E-16
25 8.8E-08 0.15 0.6 0.800001 0.8 0.15 0.6 0.8 0.8 0.800001 -3.0356E-11 -8.46E-12 -8.69281E-12 4.75089E-11 -3.70277E-11 3.15846E-11
25 8.8E-08 0.15 0.65 0.800001 0.8 0.15 0.65 0.8 0.8 0.800001 -2.73148E-11 -7.59332E-12 -7.66925E-12 4.25773E-11 -3.32605E-11 2.83923E-11
25 8.8E-08 0.15 0.7 0.8 0.8 0.15 0.7 0.8 0.8 0.8 -4.64602E-19 4.96415E-14 5.16001E-17 -4.96251E-14 -4.9191E-14 -1.75464E-17
25 8.8E-08 0.15 0.75 0.8 0.8 0.15 0.75 0.8 0.8 0.8 -4.80583E-19 4.96415E-14 7.94819E-17 -4.9595E-14 -4.9191E-14 1.26202E-17
25 8.8E-08 0.15 0.8 0.8 0.8 0.15 0.8 0.8 0.8 0.8 -6.59195E-12 -1.7936E-12 -1.68302E-12 1.00686E-11 -8.06451E-12 6.87003E-12
25 8.8E-08 0.2 0.05 0.8 0.8 0.2 0.05 0.8 0.8 0.8 -2.01132E-13 1.97021E-14 3.22193E-13 -1.40711E-13 -1.93843E-14 -3.21273E-13
25 8.8E-08 0.2 0.1 0.8 0.8 0.2 0.1 0.8 0.8 0.8 -7.53393E-14 1.97021E-14 1.26524E-13 -7.07515E-14 -1.93843E-14 -1.25813E-13
25 8.8E-08 0.2 0.15 0.8 0.8 0.2 0.15 0.8 0.8 0.8 -2.77024E-14 1.97021E-14 4.96415E-14 -4.15871E-14 -1.93843E-14 -4.92247E-14
25 8.8E-08 0.2 0.2 0.8 0.8 0.2 0.2 0.8 0.8 0.8 -9.96237E-15 1.97021E-14 1.97021E-14 -2.93467E-14 -1.93843E-14 -1.93961E-14
25 8.8E-08 0.2 0.25 0.8 0.8 0.2 0.25 0.8 0.8 0.8 4.13946E-12 -7.51759E-12 -7.76514E-12 1.11434E-11 -3.23908E-11 2.49692E-11
25 8.8E-08 0.2 0.3 0.800001 0.8 0.2 0.3 0.8 0.8 0.800001 -4.27788E-12 -9.14354E-12 -9.4618E-12 2.28832E-11 -3.94171E-11 3.21913E-11
25 8.8E-08 0.2 0.35 0.8 0.8 0.2 0.35 0.8 0.8 0.8 -4.00139E-16 1.97021E-14 1.86492E-15 -2.09656E-14 -1.93843E-14 -1.67092E-15
25 8.8E-08 0.2 0.4 0.8 0.8 0.2 0.4 0.8 0.8 0.8 -1.27811E-16 1.97021E-14 9.58261E-16 -2.04946E-14 -1.93843E-14 -9.47914E-16
25 8.8E-08 0.2 0.45 0.8 0.8 0.2 0.45 0.8 0.8 0.8 -3.93266E-17 1.97021E-14 6.60646E-16 -2.02353E-14 -1.93843E-14 -6.11206E-16
25 8.8E-08 0.2 0.5 0.800001 0.8 0.2 0.5 0.8 0.8 0.800001 -3.71754E-11 -1.05483E-11 -1.1279E-11 5.90028E-11 -4.56056E-11 4.00463E-11
25 8.8E-08 0.2 0.55 0.8 0.8 0.2 0.55 0.8 0.8 0.8 -3.48206E-18 1.97021E-14 3.72934E-16 -1.99039E-14 -1.93843E-14 -2.55207E-16
25 8.8E-08 0.2 0.6 0.8 0.8 0.2 0.6 0.8 0.8 0.8 -9.05047E-19 1.97021E-14 1.42815E-16 -1.98077E-14 -1.93843E-14 -1.58938E-16
25 8.8E-08 0.2 0.65 0.8 0.8 0.2 0.65 0.8 0.8 0.8 -2.05216E-19 1.97021E-14 1.58711E-16 -1.97242E-14 -1.93843E-14 -7.55126E-17
25 8.8E-08 0.2 0.7 0.8 0.8 0.2 0.7 0.8 0.8 0.8 -4.62286E-19 1.97021E-14 5.16001E-17 -1.96707E-14 -1.93843E-14 -2.16485E-17
25 8.8E-08 0.2 0.75 0.8 0.8 0.2 0.75 0.8 0.8 0.8 -4.80046E-19 1.97021E-14 7.94819E-17 -1.96493E-14 -1.93843E-14 -2.2212E-19
25 8.8E-08 0.2 0.8 0.8 0.8 0.2 0.8 0.8 0.8 0.8 -5.07175E-22 1.97021E-14 9.53783E-17 -1.96062E-14 -1.93843E-14 4.24018E-17
25 8.8E-08 0.25 0.05 0.8 0.8 0.25 0.05 0.8 0.8 0.8 -2.23293E-13 8.11851E-15 3.22193E-13 -1.06925E-13 -7.86621E-15 -3.21272E-13
25 8.8E-08 0.25 0.1 0.8 0.8 0.25 0.1 0.8 0.8 0.8 -8.43464E-14 8.11851E-15 1.26524E-13 -5.01515E-14 -7.86621E-15 -1.25845E-13
25 8.8E-08 0.25 0.15 0.8 0.8 0.25 0.15 0.8 0.8 0.8 -3.1338E-14 8.11851E-15 4.96415E-14 -2.63242E-14 -7.86621E-15 -4.92215E-14
25 8.8E-08 0.25 0.2 0.8 0.8 0.25 0.2 0.8 0.8 0.8 -1.14292E-14 8.11851E-15 1.97021E-14 -1.62541E-14 -7.86621E-15 -1.93945E-14
25 8.8E-08 0.25 0.25 0.800001 0.8 0.25 0.25 0.8 0.8 0.800001 1.02449E-11 -8.18644E-12 -8.65141E-12 6.59297E-12 -3.46684E-11 2.78271E-11
25 8.8E-08 0.25 0.3 0.8 0.8 0.25 0.3 0.8 0.8 0.8 -1.44022E-15 8.11851E-15 3.57713E-15 -1.01025E-14 -7.86621E-15 -3.43057E-15
25 8.8E-08 0.25 0.35 0.8 0.8 0.25 0.35 0.8 0.8 0.8 -4.95705E-16 8.11851E-15 1.86492E-15 -9.28132E-15 -7.86621E-15 -1.70632E-15
25 8.8E-08 0.25 0.4 0.8 0.8 0.25 0.4 0.8 0.8 0.8 -1.57329E-16 8.11851E-15 9.58261E-16 -8.84965E-15 -7.86621E-15 -9.56519E-16
25 8.8E-08 0.25 0.45 0.8 0.8 0.25 0.45 0.8 0.8 0.8 -4.55578E-17 8.11851E-15 6.60646E-16 -8.5773E-15 -7.86621E-15 -5.83486E-16
25 8.8E-08 0.25 0.5 0.8 0.8 0.25 0.5 0.8 0.8 0.8 -1.37241E-17 8.11851E-15 6.03053E-16 -8.43762E-15 -7.86621E-15 -4.18896E-16
25 8.8E-08 0.25 0.55 0.8 0.8 0.25 0.55 0.8 0.8 0.8 -3.81229E-18 8.11851E-15 3.72934E-16 -8.28623E-15 -7.86621E-15 -2.61894E-16
25 8.8E-08 0.25 0.6 0.8 0.8 0.25 0.6 0.8 0.8 0.8 -9.43638E-19 8.11851E-15 1.42815E-16 -8.18302E-15 -7.86621E-15 -1.58305E-16
25 8.8E-08 0.25 0.65 0.800001 0.8 0.25 0.65 0.8 0.8 0.800001 -3.8075E-11 -1.01375E-11 -1.06946E-11 5.89074E-11 -4.31848E-11 3.95952E-11
25 8.8E-08 0.25 0.7 0.8 0.8 0.25 0.7 0.8 0.8 0.8 -4.59695E-19 8.11851E-15 5.16001E-17 -8.0364E-15 -7.86621E-15 -1.14179E-17
25 8.8E-08 0.25 0.75 0.8 0.8 0.25 0.75 0.8 0.8 0.8 -4.79329E-19 8.11851E-15 7.94819E-17 -8.01909E-15 -7.86621E-15 5.9167E-18
25 8.8E-08 0.25 0.8 0.8 0.8 0.25 0.8 0.8 0.8 0.8 -4.53004E-12 -1.19862E-12 -1.15655E-12 6.88533E-12 -5.14313E-12 4.72112E-12
25 8.8E-08 0.3 0.05 0.8 0.8 0.3 0.05 0.8 0.8 0.8 -2.50383E-13 3.57713E-15 3.22193E-13 -7.53147E-14 -3.4045E-15 -3.21284E-13
25 8.8E-08 0.3 0.1 0.8 0.8 0.3 0.1 0.8 0.8 0.8 -9.55492E-14 3.57713E-15 1.26524E-13 -3.44139E-14 -3.4045E-15 -1.25842E-13
25 8.8E-08 0.3 0.15 0.8 0.8 0.3 0.15 0.8 0.8 0.8 -3.59909E-14 3.57713E-15 4.96415E-14 -1.71246E-14 -3.4045E-15 -4.92073E-14
25 8.8E-08 0.3 0.2 0.8 0.8 0.3 0.2 0.8 0.8 0.8 -1.33995E-14 3.57713E-15 1.97021E-14 -9.7652E-15 -3.4045E-15 -1.94083E-14
25 8.8E-08 0.3 0.25 0.800001 0.8 0.3 0.25 0.8 0.8 0.800001 2.27382E-11 -1.01213E-11 -1.08981E-11 -1.71878E-12 -4.1579E-11 3.50723E-11
25 8.8E-08 0.3 0.3 0.8 0.8 0.3 0.3 0.8 0.8 0.8 -1.80615E-15 3.57713E-15 3.57713E-15 -5.21065E-15 -3.4045E-15 -3.43715E-15
25 8.8E-08 0.3 0.35 0.8 0.8 0.3 0.35 0.8 0.8 0.8 -6.36639E-16 3.57713E-15 1.86492E-15 -4.57104E-15 -3.4045E-15 -1.66942E-15
25 8.8E-08 0.3 0.4 0.8 0.8 0.3 0.4 0.8 0.8 0.8 -2.17136E-16 3.57713E-15 9.58261E-16 -4.27618E-15 -3.4045E-15 -9.75346E-16
25 8.8E-08 0.3 0.45 0.8 0.8 0.3 0.45 0.8 0.8 0.8 -6.29017E-17 3.57713E-15 6.60646E-16 -4.04337E-15 -3.4045E-15 -5.99379E-16
25 8.8E-08 0.3 0.5 0.8 0.8 0.3 0.5 0.8 0.8 0.8 -1.83475E-17 3.57713E-15 6.03053E-16 -3.9177E-15 -3.4045E-15 -4.36081E-16
25 8.8E-08 0.3 0.55 0.8 0.8 0.3 0.55 0.8 0.8 0.8 -4.83022E-18 3.57713E-15 3.72934E-16 -3.78045E-15 -3.4045E-15 -2.89616E-16
25 8.8E-08 0.3 0.6 0.8 0.8 0.3 0.6 0.8 0.8 0.8 -1.0801E-18 3.57713E-15 1.42815E-16 -3.65575E-15 -3.4045E-15 -1.63658E-16
25 8.8E-08 0.3 0.65 0.8 0.8 0.3 0.65 0.8 0.8 0.8 -2.13402E-19 3.57713E-15 1.58711E-16 -3.55919E-15 -3.4045E-15 -6.70589E-17
25 8.8E-08 0.3 0.7 0.8 0.8 0.3 0.7 0.8 0.8 0.8 -4.59117E-19 3.57713E-15 5.16001E-17 -3.50396E-15 -3.4045E-15 -1.14496E-17
25 8.8E-08 0.3 0.75 0.8 0.8 0.3 0.75 0.8 0.8 0.8 -4.78616E-19 3.57713E-15 7.94819E-17 -3.48057E-15 -3.4045E-15 1.19716E-17
25 8.8E-08 0.3 0.8 0.8 0.8 0.3 0.8 0.8 0.8 0.8 2.09086E-22 3.45412E-15 9.53783E-17 -3.4589E-15 -3.43272E-15 6.13974E-17
25 8.8E-08 0.35 0.05 0.8 0.8 0.35 0.05 0.8 0.8 0.8 -2.78513E-13 1.86492E-15 3.22193E-13 -4.54203E-14 -1.70493E-15 -3.21261E-13
25 8.8E-08 0.35 0.1 0.8 0.8 0.35 0.1 0.8 0.8 0.8 -1.07479E-13 1.86492E-15 1.26524E-13 -2.07691E-14 -1.70493E-15 -1.25868E-13
25 8.8E-08 0.35 0.15 0.8 0.8 0.35 0.15 0.8 0.8 0.8 -4.11401E-14 1.86492E-15 4.96415E-14 -1.0277E-14 -1.70493E-15 -4.92498E-14
25 8.8E-08 0.35 0.2 0.8 0.8 0.35 0.2 0.8 0.8 0.8 -1.56377E-14 1.86492E-15 1.97021E-14 -5.76233E-15 -1.70493E-15 -1.93846E-14
25 8.8E-08 0.35 0.25 0.8 0.8 0.35 0.25 0.8 0.8 0.8 -5.97484E-15 1.86492E-15 8.11851E-15 -3.81369E-15 -1.70493E-15 -7.87906E-15
25 8.8E-08 0.35 0.3 0.8 0.8 0.35 0.3 0.8 0.8 0.8 -2.31517E-15 1.86492E-15 3.57713E-15 -2.96924E-15 -1.70493E-15 -3.44569E-15
25 8.8E-08 0.35 0.35 0.8 0.8 0.35 0.35 0.8 0.8 0.8 -8.8847E-16 1.86492E-15 1.86492E-15 -2.5934E-15 -1.70493E-15 -1.68454E-15
25 8.8E-08 0.35 0.4 0.8 0.8 0.35 0.4 0.8 0.8 0.8 -3.27523E-16 1.86492E-15 9.58261E-16 -2.42503E-15 -1.70493E-15 -9.75514E-16
25 8.8E-08 0.35 0.45 0.8 0.8 0.35 0.45 0.8 0.8 0.8 -9.04754E-17 1.86492E-15 6.60646E-16 -2.2148E-15 -1.70493E-15 -5.39325E-16
25 8.8E-08 0.35 0.5 0.8 0.8 0.35 0.5 0.8 0.8 0.8 -2.89022E-17 1.86492E-15 6.03053E-16 -2.17262E-15 -1.70493E-15 -4.42481E-16
25 8.8E-08 0.35 0.55 0.8 0.8 0.35 0.55 0.8 0.8 0.8 -7.11663E-18 1.86492E-15 3.72934E-16 -2.04642E-15 -1.70493E-15 -2.98808E-16
25 8.8E-08 0.35 0.6 0.8 0.8 0.35 0.6 0.8 0.8 0.8 -1.42151E-18 1.86492E-15 1.42815E-16 -1.91472E-15 -1.70493E-15 -1.63908E-16
25 8.8E-08 0.35 0.65 0.8 0.8 0.35 0.65 0.8 0.8 0.8 -3.07576E-19 1.86492E-15 1.58711E-16 -1.86413E-15 -1.70493E-15 -1.13028E-16
25 8.8E-08 0.35 0.7 0.8 0.8 0.35 0.7 0.8 0.8 0.8 -4.59927E-19 1.86492E-15 5.16001E-17 -1.76094E-15 -1.70493E-15 -9.36951E-18
25 8.8E-08 0.35 0.75 0.800001 0.8 0.35 0.75 0.8 0.8 0.800001 -6.58542E-12 -1.70431E-12 -1.74761E-12 1.00375E-11 -6.7999E-12 6.8563E-12
25 8.8E-08 0.35 0.8 0.8 0.8 0.35 0.8 0.8 0.8 0.8 7.65341E-22 1.80342E-15 9.53783E-17 -1.63683E-15 -1.64896E-15 5.83297E-17
25 8.8E-08 0.4 0.05 0.8 0.8 0.4 0.05 0.8 0.8 0.8 -3.00906E-13 9.58261E-16 3.22193E-13 -2.22555E-14 -9.35178E-16 -3.21279E-13
25 8.8E-08 0.4 0.1 0.8 0.8 0.4 0.1 0.8 0.8 0.8 -1.17137E-13 9.58261E-16 1.26524E-13 -1.03163E-14 -9.35178E-16 -1.25863E-13
25 8.8E-08 0.4 0.15 0.8 0.8 0.4 0.15 0.8 0.8 0.8 -4.53893E-14 9.58261E-16 4.96415E-14 -5.20701E-15 -9.35178E-16 -4.92191E-14
25 8.8E-08 0.4 0.2 0.8 0.8 0.4 0.2 0.8 0.8 0.8 -1.76322E-14 9.58261E-16 1.97021E-14 -3.0031E-15 -9.35178E-16 -1.94099E-14
25 8.8E-08 0.4 0.25 0.8 0.8 0.4 0.25 0.8 0.8 0.8 -6.95363E-15 9.58261E-16 8.11851E-15 -2.04571E-15 -9.35178E-16 -7.87993E-15
25 8.8E-08 0.4 0.3 0.8 0.8 0.4 0.3 0.8 0.8 0.8 -2.83833E-15 9.58261E-16 3.57713E-15 -1.63735E-15 -9.35178E-16 -3.42703E-15
25 8.8E-08 0.4 0.35 0.800006 0.8 0.4 0.35 0.8 0.8 0.800006 6.23967E-11 -2.13014E-11 -2.35877E-11 -1.75074E-11 -8.27303E-11 8.25308E-11
25 8.8E-08 0.4 0.4 0.8 0.8 0.4 0.4 0.8 0.8 0.8 -5.20058E-16 9.58261E-16 9.58261E-16 -1.45524E-15 -9.35178E-16 -9.88308E-16
25 8.8E-08 0.4 0.45 0.8 0.8 0.4 0.45 0.8 0.8 0.8 -1.69511E-16 9.58261E-16 6.60646E-16 -1.37685E-15 -9.35178E-16 -5.70456E-16
25 8.8E-08 0.4 0.5 0.8 0.8 0.4 0.5 0.8 0.8 0.8 -5.25021E-17 9.58261E-16 6.03053E-16 -1.33857E-15 -9.35178E-16 -4.22086E-16
25 8.8E-08 0.4 0.55 0.8 0.8 0.4 0.55 0.8 0.8 0.8 -1.11703E-17 9.58261E-16 3.72934E-16 -1.20135E-15 -9.35178E-16 -2.47838E-16
25 8.8E-08 0.4 0.6 0.8 0.8 0.4 0.6 0.8 0.8 0.8 -2.38713E-18 9.58261E-16 1.42815E-16 -1.12598E-15 -9.35178E-16 -1.66175E-16
25 8.8E-08 0.4 0.65 0.8 0.8 0.4 0.65 0.8 0.8 0.8 -4.80942E-19 9.58261E-16 1.58711E-16 -1.07227E-15 -9.35178E-16 -1.11397E-16
25 8.8E-08 0.4 0.7 0.8 0.8 0.4 0.7 0.8 0.8 0.8 -4.53147E-19 9.58261E-16 5.16001E-17 -9.53618E-16 -9.35178E-16 7.91111E-18
25 8.8E-08 0.4 0.75 0.8 0.8 0.4 0.75 0.8 0.8 0.8 -4.79969E-19 9.58261E-16 7.94819E-17 -9.63318E-16 -9.35178E-16 -1.75951E-18
25 8.8E-08 0.4 0.8 0.8 0.8 0.4 0.8 0.8 0.8 0.8 1.46415E-21 9.58261E-16 9.53783E-17 -9.52868E-16 -9.70335E-16 4.33733E-17
25 8.8E-08 0.45 0.05 0.8 0.8 0.45 0.05 0.8 0.8 0.8 -3.13825E-13 6.60646E-16 3.22193E-13 -8.98927E-15 -5.78981E-16 -3.21299E-13
25 8.8E-08 0.45 0.1 0.8 0.8 0.45 0.1 0.8 0.8 0.8 -1.22793E-13 6.60646E-16 1.26524E-13 -4.30004E-15 -5.78981E-16 -1.2587E-13
25 8.8E-08 0.45 0.15 0.8 0.8 0.45 0.15 0.8 0.8 0.8 -4.79721E-14 6.60646E-16 4.96415E-14 -2.28875E-15 -5.78981E-16 -4.92509E-14
25 8.8E-08 0.45 0.2 0.8 0.8 0.45 0.2 0.8 0.8 0.8 -1.88549E-14 6.60646E-16 1.97021E-14 -1.41768E-15 -5.78981E-16 -1.94145E-14
25 8.8E-08 0.45 0.25 0.800002 0.8 0.45 0.25 0.8 0.8 0.800002 6.90025E-11 -1.27469E-11 -1.38844E-11 -4.23711E-11 -4.94609E-11 4.47422E-11
25 8.8E-08 0.45 0.3 0.800001 0.8 0.45 0.3 0.8 0.8 0.800001 3.32051E-11 -6.46856E-12 -7.04741E-12 -1.96891E-11 -2.51058E-11 2.40437E-11
25 8.8E-08 0.45 0.35 0.8 0.8 0.45 0.35 0.8 0.8 0.8 -1.50243E-15 6.60646E-16 1.86492E-15 -8.38836E-16 -5.78981E-16 -1.70127E-15
25 8.8E-08 0.45 0.4 0.8 0.8 0.45 0.4 0.8 0.8 0.8 -7.38823E-16 6.60646E-16 9.58261E-16 -8.60847E-16 -5.78981E-16 -9.79965E-16
25 8.8E-08 0.45 0.45 0.8 0.8 0.45 0.45 0.8 0.8 0.8 -3.02766E-16 6.60646E-16 6.60646E-16 -8.81748E-16 -5.78981E-16 -5.75896E-16
25 8.8E-08 0.45 0.5 0.8 0.8 0.45 0.5 0.8 0.8 0.8 -1.1595E-16 6.60646E-16 6.03053E-16 -9.26946E-16 -5.78981E-16 -4.41192E-16
25 8.8E-08 0.45 0.55 0.8 0.8 0.45 0.55 0.8 0.8 0.8 -2.80394E-17 6.60646E-16 3.72934E-16 -8.5446E-16 -5.78981E-16 -2.85103E-16
25 8.8E-08 0.45 0.6 0.8 0.8 0.45 0.6 0.8 0.8 0.8 -6.00799E-18 6.60646E-16 1.42815E-16 -7.86326E-16 -5.78981E-16 -1.97429E-16
25 8.8E-08 0.45 0.65 0.8 0.8 0.45 0.65 0.8 0.8 0.8 -8.77812E-19 6.60646E-16 1.58711E-16 -6.87619E-16 -5.78981E-16 -9.44216E-17
25 8.8E-08 0.45 0.7 0.8 0.8 0.45 0.7 0.8 0.8 0.8 -4.74397E-19 6.60646E-16 5.16001E-17 -5.99564E-16 -5.78981E-16 -5.34068E-18
25 8.8E-08 0.45 0.75 0.8 0.8 0.45 0.75 0.8 0.8 0.8 -4.84687E-19 6.60646E-16 7.94819E-17 -6.0166E-16 -5.78981E-16 -7.39063E-18
25 8.8E-08 0.45 0.8 0.8 0.8 0.45 0.8 0.8 0.8 0.8 6.77481E-21 5.99142E-16 9.53783E-17 -5.04951E-16 -5.50763E-16 6.06383E-17
25 8.8E-08 0.5 0.05 0.8 0.8 0.5 0.05 0.8 0.8 0.8 -3.19393E-13 6.03053E-16 3.22193E-13 -3.21369E-15 -3.97182E-16 -3.21281E-13
25 8.8E-08 0.5 0.1 0.8 0.8 0.5 0.1 0.8 0.8 0.8 -1.25221E-13 6.03053E-16 1.26524E-13 -1.64665E-15 -3.97182E-16 -1.25834E-13
25 8.8E-08 0.5 0.15 0.8 0.8 0.5 0.15 0.8 0.8 0.8 -4.9052E-14 6.03053E-16 4.96415E-14 -9.73647E-16 -3.97182E-16 -4.92044E-14
25 8.8E-08 0.5 0.2 0.8 0.8 0.5 0.2 0.8 0.8 0.8 -1.94236E-14 6.03053E-16 1.97021E-14 -6.82822E-16 -3.97182E-16 -1.9437E-14
25 8.8E-08 0.5 0.25 0.8 0.8 0.5 0.25 0.8 0.8 0.8 -7.89086E-15 6.03053E-16 8.11851E-15 -5.56222E-16 -3.97182E-16 -7.88366E-15
25 8.8E-08 0.5 0.3 0.800003 0.8 0.5 0.3 0.8 0.8 0.800003 9.16585E-11 -1.60336E-11 -1.76224E-11 -5.80024E-11 -6.27197E-11 6.02169E-11
25 8.8E-08 0.5 0.35 0.8 0.8 0.5 0.35 0.8 0.8 0.8 -1.63959E-15 6.03053E-16 1.86492E-15 -4.91853E-16 -3.97182E-16 -1.68016E-15
25 8.8E-08 0.5 0.4 0.800029 0.8 0.5 0.4 0.8 0.8 0.800029 1.87005E-10 -3.77596E-11 -4.30592E-11 -1.06186E-10 -1.47755E-10 1.51629E-10
25 8.8E-08 0.5 0.45 0.8 0.8 0.5 0.45 0.8 0.8 0.8 -4.48156E-16 6.03053E-16 6.60646E-16 -5.46082E-16 -3.97182E-16 -5.74335E-16
25 8.8E-08 0.5 0.5 0.8 0.8 0.5 0.5 0.8 0.8 0.8 -2.26975E-16 6.03053E-16 6.03053E-16 -6.24157E-16 -3.97182E-16 -4.38144E-16
25 8.8E-08 0.5 0.55 0.8 0.8 0.5 0.55 0.8 0.8 0.8 -6.23525E-17 6.03053E-16 3.72934E-16 -6.04571E-16 -3.97182E-16 -2.58242E-16
25 8.8E-08 0.5 0.6 0.8 0.8 0.5 0.6 0.8 0.8 0.8 -1.59071E-17 6.03053E-16 1.42815E-16 -5.86187E-16 -3.97182E-16 -1.95905E-16
25 8.8E-08 0.5 0.65 0.8 0.8 0.5 0.65 0.8 0.8 0.8 -2.61923E-18 6.03053E-16 1.58711E-16 -5.12765E-16 -3.97182E-16 -1.10024E-16
25 8.8E-08 0.5 0.7 0.8 0.8 0.5 0.7 0.8 0.8 0.8 -5.82405E-19 6.03053E-16 5.16001E-17 -4.24018E-16 -3.97182E-16 -1.86168E-17
25 8.8E-08 0.5 0.75 0.8 0.8 0.5 0.75 0.8 0.8 0.8 -4.78412E-19 6.03053E-16 7.94819E-17 -4.01988E-16 -3.97182E-16 3.57267E-18
25 8.8E-08 0.5 0.8 0.8 0.8 0.5 0.8 0.8 0.8 0.8 2.07906E-20 4.80045E-16 9.53783E-17 -3.54822E-16 -4.04584E-16 5.76859E-17
25 8.8E-08 0.55 0.05 0.8 0.8 0.55 0.05 0.8 0.8 0.8 -3.21356E-13 3.72934E-16 3.22193E-13 -1.1289E-15 -2.84772E-16 -3.21275E-13
25 8.8E-08 0.55 0.1 0.8 0.8 0.55 0.1 0.8 0.8 0.8 -1.26123E-13 3.72934E-16 1.26524E-13 -6.59987E-16 -2.84772E-16 -1.25866E-13
25 8.8E-08 0.55 0.15 0.8 0.8 0.55 0.15 0.8 0.8 0.8 -4.94281E-14 3.72934E-16 4.96415E-14 -4.58295E-16 -2.84772E-16 -4.91819E-14
25 8.8E-08 0.55 0.2 0.8 0.8 0.55 0.2 0.8 0.8 0.8 -1.95942E-14 3.72934E-16 1.97021E-14 -3.71158E-16 -2.84772E-16 -1.94127E-14
25 8.8E-08 0.55 0.25 0.8 0.8 0.55 0.25 0.8 0.8 0.8 -8.03012E-15 3.72934E-16 8.11851E-15 -3.33557E-16 -2.84772E-16 -7.91698E-15
25 8.8E-08 0.55 0.3 0.800004 0.8 0.55 0.3 0.8 0.8 0.800004 1.00018E-10 -1.67103E-11 -1.86075E-11 -6.46996E-11 -6.62113E-11 6.35976E-11
25 8.8E-08 0.55 0.35 0.800011 0.8 0.55 0.35 0.8 0.8 0.800011 1.64862E-10 -2.77835E-11 -3.1576E-11 -1.05503E-10 -1.10091E-10 1.10733E-10
25 8.8E-08 0.55 0.4 0.8 0.8 0.55 0.4 0.8 0.8 0.8 -9.80238E-16 3.72934E-16 9.58261E-16 -3.22372E-16 -2.84772E-16 -9.88338E-16
25 8.8E-08 0.55 0.45 0.800107 0.8 0.55 0.45 0.8 0.8 0.800107 2.6339E-10 -5.04511E-11 -5.83927E-11 -1.54546E-10 -1.99981E-10 2.06821E-10
25 8.8E-08 0.55 0.5 0.8 0.8 0.55 0.5 0.8 0.8 0.8 -3.35651E-16 3.72934E-16 6.03053E-16 -3.85303E-16 -2.84772E-16 -4.24683E-16
25 8.8E-08 0.55 0.55 0.8 0.8 0.55 0.55 0.8 0.8 0.8 -1.46219E-16 3.72934E-16 3.72934E-16 -4.30991E-16 -2.84772E-16 -2.85246E-16
25 8.8E-08 0.55 0.6 0.8 0.8 0.55 0.6 0.8 0.8 0.8 -3.98745E-17 3.72934E-16 1.42815E-16 -4.27631E-16 -2.84772E-16 -1.78033E-16
25 8.8E-08 0.55 0.65 0.8 0.8 0.55 0.65 0.8 0.8 0.8 -6.68318E-18 3.72934E-16 1.58711E-16 -3.74217E-16 -2.84772E-16 -9.22563E-17
25 8.8E-08 0.55 0.7 0.8 0.8 0.55 0.7 0.8 0.8 0.8 -7.14421E-19 3.72934E-16 5.16001E-17 -3.00132E-16 -2.84772E-16 -1.15795E-17
25 8.8E-08 0.55 0.75 0.8 0.8 0.55 0.75 0.8 0.8 0.8 -4.05194E-19 4.95942E-16 7.94819E-17 -2.51537E-16 -2.63956E-16 1.65632E-17
25 8.8E-08 0.55 0.8 0.8 0.8 0.55 0.8 0.8 0.8 0.8 4.07152E-20 4.95942E-16 9.53783E-17 -2.34443E-16 -2.63956E-16 3.31493E-17
25 8.8E-08 0.6 0.05 0.8 0.8 0.6 0.05 0.8 0.8 0.8 -3.21939E-13 1.42815E-16 3.22193E-13 -3.87796E-16 -1.52008E-16 -3.21252E-13
25 8.8E-08 0.6 0.1 0.8 0.8 0.6 0.1 0.8 0.8 0.8 -1.26376E-13 1.42815E-16 1.26524E-13 -2.56863E-16 -1.52008E-16 -1.25851E-13
25 8.8E-08 0.6 0.15 0.8 0.8 0.6 0.15 0.8 0.8 0.8 -4.95927E-14 1.42815E-16 4.96415E-14 -2.00591E-16 -1.52008E-16 -4.9224E-14
25 8.8E-08 0.6 0.2 0.8 0.8 0.6 0.2 0.8 0.8 0.8 -1.96085E-14 1.42815E-16 1.97021E-14 -1.76157E-16 -1.52008E-16 -1.93672E-14
25 8.8E-08 0.6 0.25 0.800001 0.8 0.6 0.25 0.8 0.8 0.800001 6.08023E-11 -9.88303E-12 -1.12132E-11 -3.9706E-11 -3.98704E-11 3.61268E-11
25 8.8E-08 0.6 0.3 0.8 0.8 0.6 0.3 0.8 0.8 0.8 -3.53774E-15 1.42815E-16 3.57713E-15 -1.61451E-16 -1.52008E-16 -3.45851E-15
25 8.8E-08 0.6 0.35 0.800002 0.8 0.6 0.35 0.8 0.8 0.800002 2.97497E-11 -4.84132E-12 -5.6055E-12 -1.93027E-11 -1.9532E-11 1.962E-11
25 8.8E-08 0.6 0.4 0.8 0.8 0.6 0.4 0.8 0.8 0.8 -9.59737E-16 1.42815E-16 9.58261E-16 -1.62329E-16 -1.52008E-16 -9.4305E-16
25 8.8E-08 0.6 0.45 0.8 0.8 0.6 0.45 0.8 0.8 0.8 -5.76964E-16 1.42815E-16 6.60646E-16 -1.68102E-16 -1.52008E-16 -5.77135E-16
25 8.8E-08 0.6 0.5 0.8 0.8 0.6 0.5 0.8 0.8 0.8 -4.22653E-16 1.42815E-16 6.03053E-16 -1.87302E-16 -1.52008E-16 -4.4894E-16
25 8.8E-08 0.6 0.55 0.8 0.8 0.6 0.55 0.8 0.8 0.8 -2.15659E-16 1.42815E-16 3.72934E-16 -2.12177E-16 -1.52008E-16 -2.71127E-16
25 8.8E-08 0.6 0.6 0.8 0.8 0.6 0.6 0.8 0.8 0.8 -9.38669E-17 1.42815E-16 1.42815E-16 -2.45875E-16 -1.52008E-16 -1.85525E-16
25 8.8E-08 0.6 0.65 0.8 0.8 0.6 0.65 0.8 0.8 0.8 -1.96433E-17 1.42815E-16 1.58711E-16 -2.2537E-16 -1.52008E-16 -9.16255E-17
25 8.8E-08 0.6 0.7 0.8 0.8 0.6 0.7 0.8 0.8 0.8 -6.64862E-19 1.42815E-16 5.16001E-17 -1.55634E-16 -1.52008E-16 -2.28844E-18
25 8.8E-08 0.6 0.75 0.8 0.8 0.6 0.75 0.8 0.8 0.8 -4.79581E-19 1.42815E-16 7.94819E-17 -1.52695E-16 -1.52008E-16 8.91538E-19
25 8.8E-08 0.6 0.8 0.8 0.8 0.6 0.8 0.8 0.8 0.8 2.10891E-19 1.42815E-16 9.53783E-17 -1.35569E-16 -1.80226E-16 4.59722E-17
25 8.8E-08 0.65 0.05 0.8 0.8 0.65 0.05 0.8 0.8 0.8 -3.22095E-13 1.58711E-16 3.22193E-13 -1.45344E-16 -8.21565E-17 -3.21236E-13
25 8.8E-08 0.65 0.1 0.8 0.8 0.65 0.1 0.8 0.8 0.8 -1.26482E-13 1.58711E-16 1.26524E-13 -1.1026E-16 -8.21565E-17 -1.25882E-13
25 8.8E-08 0.65 0.15 0.8 0.8 0.65 0.15 0.8 0.8 0.8 -4.9587E-14 1.58711E-16 4.96415E-14 -9.516E-17 -8.21565E-17 -4.91836E-14
25 8.8E-08 0.65 0.2 0.8 0.8 0.65 0.2 0.8 0.8 0.8 -1.96505E-14 1.58711E-16 1.97021E-14 -8.86296E-17 -8.21565E-17 -1.93924E-14
25 8.8E-08 0.65 0.25 0.800001 0.8 0.65 0.25 0.8 0.8 0.800001 4.39093E-11 -6.97794E-12 -8.1134E-12 -2.88178E-11 -2.88497E-11 2.61314E-11
25 8.8E-08 0.65 0.3 0.8 0.8 0.65 0.3 0.8 0.8 0.8 -3.51218E-15 1.58711E-16 3.57713E-15 -8.46587E-17 -8.21565E-17 -3.42684E-15
25 8.8E-08 0.65 0.35 0.8 0.8 0.65 0.35 0.8 0.8 0.8 -1.7123E-15 1.58711E-16 1.86492E-15 -8.44016E-17 -8.21565E-17 -1.66807E-15
25 8.8E-08 0.65 0.4 0.8 0.8 0.65 0.4 0.8 0.8 0.8 -1.00945E-15 1.58711E-16 9.58261E-16 -8.50487E-17 -8.21565E-17 -9.86162E-16
25 8.8E-08 0.65 0.45 0.800121 0.8 0.65 0.45 0.8 0.8 0.800121 3.16598E-10 -5.04933E-11 -6.09943E-11 -2.0511E-10 -2.08935E-10 2.1616E-10
25 8.8E-08 0.65 0.5 0.8 0.8 0.65 0.5 0.8 0.8 0.8 -4.57719E-16 1.58711E-16 6.03053E-16 -9.2381E-17 -8.21565E-17 -4.59765E-16
25 8.8E-08 0.65 0.55 0.800011 0.8 0.65 0.55 0.8 0.8 0.800011 -9.40348E-13 5.95762E-13 -1.5228E-13 4.96813E-13 1.51745E-13 5.8131E-12
25 8.8E-08 0.65 0.6 0.8 0.8 0.65 0.6 0.8 0.8 0.8 -2.20723E-12 6.67475E-13 3.64984E-13 1.17494E-12 1.17532E-12 2.32514E-12
25 8.8E-08 0.65 0.65 0.8 0.8 0.65 0.65 0.8 0.8 0.8 -4.77237E-17 1.58711E-16 1.58711E-16 -1.2988E-16 -8.21565E-17 -9.48963E-17
25 8.8E-08 0.65 0.7 0.8 0.8 0.65 0.7 0.8 0.8 0.8 -6.26148E-18 1.58711E-16 5.16001E-17 -1.04487E-16 -8.21565E-17 -2.74177E-17
25 8.8E-08 0.65 0.75 0.8 0.8 0.65 0.75 0.8 0.8 0.8 3.25673E-19 1.58711E-16 7.94819E-17 -7.04455E-17 -8.21565E-17 1.32666E-17
25 8.8E-08 0.65 0.8 0.8 0.8 0.65 0.8 0.8 0.8 0.8 8.80463E-19 1.58711E-16 9.53783E-17 -3.17298E-17 -8.21565E-17 5.15827E-17
25 8.8E-08 0.7 0.05 0.8 0.8 0.7 0.05 0.8 0.8 0.8 -3.22185E-13 5.16001E-17 3.22193E-13 -7.13677E-17 -5.44009E-17 -3.2128E-13
25 8.8E-08 0.7 0.1 0.8 0.8 0.7 0.1 0.8 0.8 0.8 -1.26473E-13 5.16001E-17 1.26524E-13 -6.2174E-17 -5.44009E-17 -1.25851E-13
25 8.8E-08 0.7 0.15 0.8 0.8 0.7 0.15 0.8 0.8 0.8 -4.96076E-14 5.16001E-17 4.96415E-14 -5.82211E-17 -5.44009E-17 -4.91944E-14
25 8.8E-08 0.7 0.2 0.8 0.8 0.7 0.2 0.8 0.8 0.8 -1.96768E-14 5.16001E-17 1.97021E-14 -5.65116E-17 -5.44009E-17 -1.94137E-14
25 8.8E-08 0.7 0.25 0.800001 0.8 0.7 0.25 0.8 0.8 0.800001 6.044E-11 -9.33795E-12 -1.12205E-11 -3.98814E-11 -3.98928E-11 3.61489E-11
25 8.8E-08 0.7 0.3 0.8 0.8 0.7 0.3 0.8 0.8 0.8 -3.53737E-15 5.16001E-17 3.57713E-15 -5.54739E-17 -5.44009E-17 -3.44996E-15
25 8.8E-08 0.7 0.35 0.800007 0.8 0.7 0.35 0.8 0.8 0.800007 1.05294E-10 -1.62119E-11 -1.98746E-11 -6.92077E-11 -6.92646E-11 6.96348E-11
25 8.8E-08 0.7 0.4 0.80003 0.8 0.7 0.4 0.8 0.8 0.80003 2.10376E-10 -3.23098E-11 -4.02411E-11 -1.37825E-10 -1.38077E-10 1.41754E-10
25 8.8E-08 0.7 0.45 0.8 0.8 0.7 0.45 0.8 0.8 0.8 -5.85616E-16 5.16001E-17 6.60646E-16 -5.59572E-17 -5.44009E-17 -5.71455E-16
25 8.8E-08 0.7 0.5 0.800187 0.8 0.7 0.5 0.8 0.8 0.800187 1.59361E-10 -2.44934E-11 -3.07075E-11 -1.0416E-10 -1.05699E-10 1.10945E-10
25 8.8E-08 0.7 0.55 0.8 0.8 0.7 0.55 0.8 0.8 0.8 -2.64471E-16 5.16001E-17 3.72934E-16 -5.99877E-17 -5.44009E-17 -2.65564E-16
25 8.8E-08 0.7 0.6 0.8 0.8 0.7 0.6 0.8 0.8 0.8 -1.96079E-16 5.16001E-17 1.42815E-16 -6.85689E-17 -5.44009E-17 -2.08245E-16
25 8.8E-08 0.7 0.65 0.8 0.8 0.7 0.65 0.8 0.8 0.8 -1.46348E-13 5.09768E-14 2.98036E-14 6.58697E-14 6.61667E-14 1.54573E-13
25 8.8E-08 0.7 0.7 0.8 0.8 0.7 0.7 0.8 0.8 0.8 -4.47826E-18 5.16001E-17 5.16001E-17 -5.88792E-17 -5.44009E-17 -7.15983E-18
25 8.8E-08 0.7 0.75 0.8 0.8 0.7 0.75 0.8 0.8 0.8 1.35806E-18 5.16001E-17 7.94819E-17 -4.77561E-17 -5.44009E-17 9.85552E-18
25 8.8E-08 0.7 0.8 0.8 0.8 0.7 0.8 0.8 0.8 0.8 2.85241E-18 5.16001E-17 9.53783E-17 -1.19468E-17 -5.44009E-17 4.62048E-17
25 8.8E-08 0.75 0.05 0.8 0.8 0.75 0.05 0.8 0.8 0.8 -3.22203E-13 7.94819E-17 3.22193E-13 -1.01164E-17 -5.36608E-18 -3.21286E-13
25 8.8E-08 0.75 0.1 0.8 0.8 0.75 0.1 0.8 0.8 0.8 -1.26507E-13 7.94819E-17 1.26524E-13 -7.73836E-18 -5.36608E-18 -1.25879E-13
25 8.8E-08 0.75 0.15 0.8 0.8 0.75 0.15 0.8 0.8 0.8 -4.96427E-14 7.94819E-17 4.96415E-14 -6.71588E-18 -5.36608E-18 -4.9227E-14
25 8.8E-08 0.75 0.2 0.8 0.8 0.75 0.2 0.8 0.8 0.8 -1.96558E-14 7.94819E-17 1.97021E-14 -6.27255E-18 -5.36608E-18 -1.93915E-14
25 8.8E-08 0.75 0.25 0.8 0.8 0.75 0.25 0.8 0.8 0.8 -8.04824E-15 7.94819E-17 8.11851E-15 -6.08148E-18 -5.36608E-18 -7.88966E-15
25 8.8E-08 0.75 0.3 0.8 0.8 0.75 0.3 0.8 0.8 0.8 -3.53577E-15 7.94819E-17 3.57713E-15 -6.00449E-18 -5.36608E-18 -3.44789E-15
25 8.8E-08 0.75 0.35 0.8 0.8 0.75 0.35 0.8 0.8 0.8 -1.72455E-15 7.94819E-17 1.86492E-15 -5.98701E-18 -5.36608E-18 -1.67801E-15
25 8.8E-08 0.75 0.4 0.8 0.8 0.75 0.4 0.8 0.8 0.8 -9.99783E-16 7.94819E-17 9.58261E-16 -6.02801E-18 -5.36608E-18 -9.73582E-16
25 8.8E-08 0.75 0.45 0.80007 0.8 0.75 0.45 0.8 0.8 0.80007 1.81741E-10 -2.6893E-11 -3.50222E-11 -1.19825E-10 -1.19974E-10 1.2399E-10
25 8.8E-08 0.75 0.5 0.8 0.8 0.75 0.5 0.8 0.8 0.8 -4.82261E-16 7.94819E-17 6.03053E-16 -6.56357E-18 -5.36608E-18 -4.74601E-16
25 8.8E-08 0.75 0.55 0.800003 0.8 0.75 0.55 0.8 0.8 0.800003 8.79627E-14 1.60974E-13 -7.63838E-14 -1.72572E-13 -1.78445E-13 1.15184E-12
25 8.8E-08 0.75 0.6 0.8 0.8 0.75 0.6 0.8 0.8 0.8 -1.65561E-16 7.94819E-17 1.42815E-16 -8.83824E-18 -5.36608E-18 -1.66974E-16
25 8.8E-08 0.75 0.65 0.8 0.8 0.75 0.65 0.8 0.8 0.8 -7.37954E-14 2.99703E-14 1.34435E-14 3.05538E-14 3.08029E-14 7.78986E-14
25 8.8E-08 0.75 0.7 0.8 0.8 0.75 0.7 0.8 0.8 0.8 -1.30515E-17 7.94819E-17 5.16001E-17 -9.10335E-18 -5.36608E-18 -1.49362E-17
25 8.8E-08 0.75 0.75 0.8 0.8 0.75 0.75 0.8 0.8 0.8 -7.28362E-18 7.94819E-17 7.94819E-17 -1.26497E-17 -5.36608E-18 -1.26587E-17
25 8.8E-08 0.75 0.8 0.8 0.8 0.75 0.8 0.8 0.8 0.8 5.29406E-18 7.94819E-17 9.53783E-17 1.47562E-17 -5.36608E-18 2.63706E-17
25 8.8E-08 0.8 0.05 0.8 0.8 0.8 0.05 0.8 0.8 0.8 -3.22206E-13 9.53783E-17 3.22193E-13 7.77276E-17 7.88258E-17 -3.21286E-13
25 8.8E-08 0.8 0.1 0.8 0.8 0.8 0.1 0.8 0.8 0.8 -1.26508E-13 9.53783E-17 1.26524E-13 7.83388E-17 7.88258E-17 -1.25879E-13
25 8.8E-08 0.8 0.15 0.8 0.8 0.8 0.15 0.8 0.8 0.8 -4.96585E-14 9.53783E-17 4.96415E-14 7.86015E-17 7.88258E-17 -4.92426E-14
25 8.8E-08 0.8 0.2 0.8 0.8 0.8 0.2 0.8 0.8 0.8 -1.96905E-14 9.53783E-17 1.97021E-14 7.87153E-17 7.88258E-17 -1.94263E-14
25 8.8E-08 0.8 0.25 0.800001 0.8 0.8 0.25 0.8 0.8 0.800001 3.70053E-11 -5.27816E-12 -6.96442E-12 -2.47626E-11 -2.47631E-11 2.24274E-11
25 8.8E-08 0.8 0.3 0.800002 0.8 0.8 0.3 0.8 0.8 0.800002 6.06197E-11 -8.64624E-12 -1.14069E-11 -4.05664E-11 -4.05676E-11 3.89475E-11
25 8.8E-08 0.8 0.35 0.8 0.8 0.8 0.35 0.8 0.8 0.8 -1.73821E-15 9.53783E-17 1.86492E-15 7.87886E-17 7.88258E-17 -1.69205E-15
25 8.8E-08 0.8 0.4 0.8 0.8 0.8 0.4 0.8 0.8 0.8 -1.00492E-15 9.53783E-17 9.58261E-16 7.87781E-17 7.88258E-17 -9.7906E-16
25 8.8E-08 0.8 0.45 0.800035 0.8 0.8 0.45 0.8 0.8 0.800035 9.15484E-11 -1.296E-11 -1.77615E-11 -6.0827E-11 -6.08462E-11 6.28361E-11
25 8.8E-08 0.8 0.5 0.800129 0.8 0.8 0.5 0.8 0.8 0.800129 1.09681E-10 -1.53894E-11 -2.12266E-11 -7.30652E-11 -7.31355E-11 7.64091E-11
25 8.8E-08 0.8 0.55 0.800005 0.8 0.8 0.55 0.8 0.8 0.800005 -8.05611E-13 8.1785E-13 -8.51174E-14 7.29751E-14 7.04411E-14 3.16736E-12
25 8.8E-08 0.8 0.6 0.8 0.8 0.8 0.6 0.8 0.8 0.8 -1.79597E-16 9.53783E-17 1.42815E-16 7.79906E-17 7.88258E-17 -1.79328E-16
25 8.8E-08 0.8 0.65 0.8 0.8 0.8 0.65 0.8 0.8 0.8 -1.07929E-16 9.53783E-17 1.58711E-16 7.69489E-17 7.88258E-17 -1.0953E-16
25 8.8E-08 0.8 0.7 0.8 0.8 0.8 0.7 0.8 0.8 0.8 -1.81219E-17 9.53783E-17 5.16001E-17 7.76509E-17 7.88258E-17 -1.83985E-17
25 8.8E-08 0.8 0.75 0.8 0.8 0.8 0.75 0.8 0.8 0.8 -2.37359E-17 9.53783E-17 7.94819E-17 7.28483E-17 7.88258E-17 -2.87592E-17
25 8.8E-08 0.8 0.8 0.8 0.8 0.8 0.8 0.8 0.8 0.8 1.12807E-17 9.53783E-17 9.53783E-17 9.01066E-17 7.88258E-17 2.25615E-17
