
25 1.76E-07 0.05 0.05 0.8 0.8 0.05 0.05 0.8 0.8 0.8 -3.43843E-13 6.85697E-13 6.85697E-13 -1.02758E-12 -6.83742E-13 -6.83764E-13
25 1.76E-07 0.05 0.1 0.8 0.8 0.05 0.1 0.8 0.8 0.8 -1.27339E-13 6.85697E-13 2.69307E-13 -8.27676E-13 -6.83742E-13 -2.67974E-13
25 1.76E-07 0.05 0.15 0.8 0.8 0.05 0.15 0.8 0.8 0.8 -4.61556E-14 6.85697E-13 1.05714E-13 -7.45229E-13 -6.83742E-13 -1.04796E-13
25 1.76E-07 0.05 0.2 0.8 0.8 0.05 0.2 0.8 0.8 0.8 -1.63952E-14 6.85697E-13 4.19099E-14 -7.11225E-13 -6.83742E-13 -4.13554E-14
25 1.76E-07 0.05 0.25 0.8 0.8 0.05 0.25 0.8 0.8 0.8 -5.75413E-15 6.85697E-13 1.71903E-14 -6.97179E-13 -6.83742E-13 -1.68936E-14
25 1.76E-07 0.05 0.3 0.8 0.8 0.05 0.3 0.8 0.8 0.8 -5.18663E-12 -5.25767E-12 -5.78932E-12 1.62336E-11 -2.22135E-11 1.53045E-11
25 1.76E-07 0.05 0.35 0.8 0.8 0.05 0.35 0.8 0.8 0.8 -6.9726E-16 6.85697E-13 3.70013E-15 -6.88787E-13 -6.83742E-13 -3.68341E-15
25 1.76E-07 0.05 0.4 0.8 0.8 0.05 0.4 0.8 0.8 0.8 -4.07774E-11 -1.81149E-11 -1.89705E-11 7.78628E-11 -6.88743E-11 5.2688E-11
25 1.76E-07 0.05 0.45 0.8 0.8 0.05 0.45 0.8 0.8 0.8 -4.55651E-11 -1.75522E-11 -1.84157E-11 8.1533E-11 -6.68514E-11 5.15159E-11
25 1.76E-07 0.05 0.5 0.8 0.8 0.05 0.5 0.8 0.8 0.8 -4.6321E-11 -1.68537E-11 -1.76231E-11 8.07978E-11 -6.43202E-11 4.96789E-11
25 1.76E-07 0.05 0.55 0.8 0.8 0.05 0.55 0.8 0.8 0.8 -8.1076E-18 6.85697E-13 6.16994E-16 -6.86325E-13 -6.83742E-13 -6.2273E-16
25 1.76E-07 0.05 0.6 0.8 0.8 0.05 0.6 0.8 0.8 0.8 -2.24463E-18 6.85697E-13 3.78927E-16 -6.86158E-13 -6.83742E-13 -4.55682E-16
25 1.76E-07 0.05 0.65 0.8 0.8 0.05 0.65 0.8 0.8 0.8 -5.55573E-19 6.85697E-13 3.25371E-16 -6.86037E-13 -6.83742E-13 -3.34453E-16
25 1.76E-07 0.05 0.7 0.8 0.8 0.05 0.7 0.8 0.8 0.8 -4.06513E-11 -1.43104E-11 -1.41317E-11 6.90934E-11 -5.50649E-11 4.26708E-11
25 1.76E-07 0.05 0.75 0.8 0.8 0.05 0.75 0.8 0.8 0.8 -6.30815E-12 -1.64158E-12 -2.124E-12 1.00737E-11 -9.12591E-12 6.62976E-12
25 1.76E-07 0.05 0.8 0.8 0.8 0.05 0.8 0.8 0.8 0.8 -3.63615E-11 -1.2731E-11 -1.17779E-11 6.08703E-11 -4.93184E-11 3.82718E-11
25 1.76E-07 0.1 0.05 0.8 0.8 0.1 0.05 0.8 0.8 0.8 -3.6438E-13 2.69307E-13 6.85697E-13 -5.90664E-13 -2.6799E-13 -6.83755E-13
25 1.76E-07 0.1 0.1 0.8 0.8 0.1 0.1 0.8 0.8 0.8 -1.35344E-13 2.69307E-13 2.69307E-13 -4.03334E-13 -2.6799E-13 -2.68011E-13
25 1.76E-07 0.1 0.15 0.8 0.8 0.1 0.15 0.8 0.8 0.8 -4.92058E-14 2.69307E-13 1.05714E-13 -3.25851E-13 -2.6799E-13 -1.04843E-13
25 1.76E-07 0.1 0.2 0.8 0.8 0.1 0.2 0.8 0.8 0.8 -1.75047E-14 2.69307E-13 4.19099E-14 -2.9376E-13 -2.6799E-13 -4.13743E-14
25 1.76E-07 0.1 0.25 0.8 0.8 0.1 0.25 0.8 0.8 0.8 -6.11787E-15 2.69307E-13 1.71903E-14 -2.80416E-13 -2.6799E-13 -1.68685E-14
25 1.76E-07 0.1 0.3 0.8 0.8 0.1 0.3 0.8 0.8 0.8 -1.25299E-11 -1.69958E-11 -1.70731E-11 4.65988E-11 -6.23422E-11 4.51475E-11
25 1.76E-07 0.1 0.35 0.8 0.8 0.1 0.35 0.8 0.8 0.8 -2.74664E-11 -1.79339E-11 -1.83758E-11 6.37761E-11 -6.57722E-11 5.04506E-11
25 1.76E-07 0.1 0.4 0.8 0.8 0.1 0.4 0.8 0.8 0.8 -4.22721E-11 -1.94805E-11 -2.02188E-11 8.19713E-11 -7.13839E-11 5.61588E-11
25 1.76E-07 0.1 0.45 0.8 0.8 0.1 0.45 0.8 0.8 0.8 -4.50763E-11 -1.769E-11 -1.83993E-11 8.11656E-11 -6.49593E-11 5.14724E-11
25 1.76E-07 0.1 0.5 0.8 0.8 0.1 0.5 0.8 0.8 0.8 -2.44917E-17 2.69307E-13 9.78069E-16 -2.70247E-13 -2.6799E-13 -9.26709E-16
25 1.76E-07 0.1 0.55 0.8 0.8 0.1 0.55 0.8 0.8 0.8 -1.65435E-11 -5.79671E-12 -6.12922E-12 2.84694E-11 -2.21217E-11 1.74531E-11
25 1.76E-07 0.1 0.6 0.8 0.8 0.1 0.6 0.8 0.8 0.8 -2.09942E-18 2.69307E-13 3.78927E-16 -2.69759E-13 -2.6799E-13 -4.30624E-16
25 1.76E-07 0.1 0.65 0.8 0.8 0.1 0.65 0.8 0.8 0.8 -5.16701E-19 2.69307E-13 3.25371E-16 -2.69652E-13 -2.6799E-13 -3.23363E-16
25 1.76E-07 0.1 0.7 0.8 0.8 0.1 0.7 0.8 0.8 0.8 -4.10028E-11 -1.46373E-11 -1.4254E-11 6.98942E-11 -5.39427E-11 4.30405E-11
25 1.76E-07 0.1 0.75 0.8 0.8 0.1 0.75 0.8 0.8 0.8 -6.4759E-12 -2.08518E-12 -2.18046E-12 1.07415E-11 -8.74936E-12 6.80603E-12
25 1.76E-07 0.1 0.8 0.8 0.8 0.1 0.8 0.8 0.8 0.8 -8.74734E-12 -2.91111E-12 -2.8335E-12 1.44921E-11 -1.1724E-11 9.20693E-12
25 1.76E-07 0.15 0.05 0.8 0.8 0.15 0.05 0.8 0.8 0.8 -3.9129E-13 1.05714E-13 6.85697E-13 -4.00118E-13 -1.04796E-13 -6.83766E-13
25 1.76E-07 0.15 0.1 0.8 0.8 0.15 0.1 0.8 0.8 0.8 -1.45918E-13 1.05714E-13 2.69307E-13 -2.29081E-13 -1.04796E-13 -2.6798E-13
25 1.76E-07 0.15 0.15 0.8 0.8 0.15 0.15 0.8 0.8 0.8 -5.32948E-14 1.05714E-13 1.05714E-13 -1.5809E-13 -1.04796E-13 -1.04818E-13
25 1.76E-07 0.15 0.2 0.8 0.8 0.15 0.2 0.8 0.8 0.8 -1.90564E-14 1.05714E-13 4.19099E-14 -1.28569E-13 -1.04796E-13 -4.13812E-14
25 1.76E-07 0.15 0.25 0.8 0.8 0.15 0.25 0.8 0.8 0.8 4.71197E-12 -1.6455E-11 -1.66381E-11 2.83812E-11 -5.89959E-11 4.0879E-11
25 1.76E-07 0.15 0.3 0.8 0.8 0.15 0.3 0.8 0.8 0.8 -2.2932E-15 1.05714E-13 7.53917E-15 -1.10949E-13 -1.04796E-13 -7.37426E-15
25 1.76E-07 0.15 0.35 0.8 0.8 0.15 0.35 0.8 0.8 0.8 -7.7435E-16 1.05714E-13 3.70013E-15 -1.08675E-13 -1.04796E-13 -3.66955E-15
25 1.76E-07 0.15 0.4 0.800001 0.8 0.15 0.4 0.8 0.8 0.800001 -4.17067E-11 -1.98602E-11 -2.08122E-11 8.23791E-11 -7.13047E-11 5.78126E-11
25 1.76E-07 0.15 0.45 0.8 0.8 0.15 0.45 0.8 0.8 0.8 -7.64807E-17 1.05714E-13 1.34514E-15 -1.0692E-13 -1.04796E-13 -1.28377E-15
25 1.76E-07 0.15 0.5 0.8 0.8 0.15 0.5 0.8 0.8 0.8 -8.67955E-12 -3.10168E-12 -3.32779E-12 1.5109E-11 -1.15511E-11 9.38294E-12
25 1.76E-07 0.15 0.55 0.8 0.8 0.15 0.55 0.8 0.8 0.8 -7.69328E-18 1.05714E-13 6.16994E-16 -1.06332E-13 -1.04796E-13 -6.50868E-16
25 1.76E-07 0.15 0.6 0.8 0.8 0.15 0.6 0.8 0.8 0.8 -2.05318E-18 1.05714E-13 3.78927E-16 -1.06129E-13 -1.04796E-13 -4.47795E-16
25 1.76E-07 0.15 0.65 0.800001 0.8 0.15 0.65 0.8 0.8 0.800001 -4.71455E-11 -1.67303E-11 -1.68049E-11 8.06806E-11 -6.01631E-11 4.9455E-11
25 1.76E-07 0.15 0.7 0.8 0.8 0.15 0.7 0.8 0.8 0.8 -1.00114E-18 1.05714E-13 2.10312E-16 -1.05892E-13 -1.04796E-13 -2.09929E-16
25 1.76E-07 0.15 0.75 0.8 0.8 0.15 0.75 0.8 0.8 0.8 -4.25984E-11 -1.51007E-11 -1.43427E-11 7.20417E-11 -5.43319E-11 4.47711E-11
25 1.76E-07 0.15 0.8 0.8 0.8 0.15 0.8 0.8 0.8 0.8 -2.38067E-21 1.05714E-13 -1.38147E-17 -1.05756E-13 -1.04796E-13 -7.49587E-17
25 1.76E-07 0.2 0.05 0.8 0.8 0.2 0.05 0.8 0.8 0.8 -4.26982E-13 4.19099E-14 6.85697E-13 -3.00633E-13 -4.13436E-14 -6.83749E-13
25 1.76E-07 0.2 0.1 0.8 0.8 0.2 0.1 0.8 0.8 0.8 -1.60193E-13 4.19099E-14 2.69307E-13 -1.51084E-13 -4.13436E-14 -2.68033E-13
25 1.76E-07 0.2 0.15 0.8 0.8 0.2 0.15 0.8 0.8 0.8 -5.89205E-14 4.19099E-14 1.05714E-13 -8.86853E-14 -4.13436E-14 -1.04814E-13
25 1.76E-07 0.2 0.2 0.8 0.8 0.2 0.2 0.8 0.8 0.8 -2.12451E-14 4.19099E-14 4.19099E-14 -6.25887E-14 -4.13436E-14 -4.13653E-14
25 1.76E-07 0.2 0.25 0.8 0.8 0.2 0.25 0.8 0.8 0.8 -7.51956E-15 4.19099E-14 1.71903E-14 -5.15924E-14 -4.13436E-14 -1.68688E-14
25 1.76E-07 0.2 0.3 0.8 0.8 0.2 0.3 0.8 0.8 0.8 -2.60468E-15 4.19099E-14 7.53917E-15 -4.68708E-14 -4.13436E-14 -7.38304E-15
25 1.76E-07 0.2 0.35 0.8 0.8 0.2 0.35 0.8 0.8 0.8 -8.72415E-16 4.19099E-14 3.70013E-15 -4.47642E-14 -4.13436E-14 -3.63227E-15
25 1.76E-07 0.2 0.4 0.8 0.8 0.2 0.4 0.8 0.8 0.8 -2.94833E-12 -1.44064E-12 -1.57762E-12 5.96658E-12 -5.25504E-12 4.38545E-12
25 1.76E-07 0.2 0.45 0.8 0.8 0.2 0.45 0.8 0.8 0.8 -8.53615E-17 4.19099E-14 1.34514E-15 -4.31762E-14 -4.13436E-14 -1.32388E-15
25 1.76E-07 0.2 0.5 0.8 0.8 0.2 0.5 0.8 0.8 0.8 -2.61326E-17 4.19099E-14 9.78069E-16 -4.28257E-14 -4.13436E-14 -9.28928E-16
25 1.76E-07 0.2 0.55 0.8 0.8 0.2 0.55 0.8 0.8 0.8 -7.89964E-18 4.19099E-14 6.16994E-16 -4.25519E-14 -4.13436E-14 -6.46056E-16
25 1.76E-07 0.2 0.6 0.8 0.8 0.2 0.6 0.8 0.8 0.8 -2.11963E-18 4.19099E-14 3.78927E-16 -4.2396E-14 -4.13436E-14 -4.89707E-16
25 1.76E-07 0.2 0.65 0.800001 0.8 0.2 0.65 0.8 0.8 0.800001 -5.5504E-11 -1.9333E-11 -1.97865E-11 9.46235E-11 -6.82084E-11 5.82325E-11
25 1.76E-07 0.2 0.7 0.8 0.8 0.2 0.7 0.8 0.8 0.8 -9.97411E-19 4.19099E-14 2.10312E-16 -4.21075E-14 -4.13436E-14 -2.00469E-16
25 1.76E-07 0.2 0.75 0.800001 0.8 0.2 0.75 0.8 0.8 0.800001 -4.82816E-11 -1.6803E-11 -1.62558E-11 8.13405E-11 -5.92897E-11 5.07448E-11
25 1.76E-07 0.2 0.8 0.8 0.8 0.2 0.8 0.8 0.8 0.8 -1.93445E-21 4.19099E-14 -1.38147E-17 -4.19634E-14 -4.13436E-14 -5.73079E-17
25 1.76E-07 0.25 0.05 0.8 0.8 0.25 0.05 0.8 0.8 0.8 -4.73843E-13 1.72211E-14 6.85697E-13 -2.29088E-13 -1.68882E-14 -6.83746E-13
25 1.76E-07 0.25 0.1 0.8 0.8 0.25 0.1 0.8 0.8 0.8 -1.79158E-13 1.72211E-14 2.69307E-13 -1.07379E-13 -1.68882E-14 -2.67974E-13
25 1.76E-07 0.25 0.15 0.8 0.8 0.25 0.15 0.8 0.8 0.8 -6.66081E-14 1.72211E-14 1.05714E-13 -5.63265E-14 -1.68882E-14 -1.04824E-13
25 1.76E-07 0.25 0.2 0.8 0.8 0.25 0.2 0.8 0.8 0.8 -2.43266E-14 1.72211E-14 4.19099E-14 -3.47901E-14 -1.68882E-14 -4.13291E-14
25 1.76E-07 0.25 0.25 0.8 0.8 0.25 0.25 0.8 0.8 0.8 -8.7797E-15 1.72211E-14 1.71903E-14 -2.56679E-14 -1.68882E-14 -1.68854E-14
25 1.76E-07 0.25 0.3 0.8 0.8 0.25 0.3 0.8 0.8 0.8 -3.10183E-15 1.72211E-14 7.53917E-15 -2.16914E-14 -1.68882E-14 -7.38174E-15
25 1.76E-07 0.25 0.35 0.8 0.8 0.25 0.35 0.8 0.8 0.8 -1.0777E-15 1.72211E-14 3.70013E-15 -1.99493E-14 -1.68882E-14 -3.70358E-15
25 1.76E-07 0.25 0.4 0.800001 0.8 0.25 0.4 0.8 0.8 0.800001 -4.75717E-11 -2.65991E-11 -2.91189E-11 1.0329E-10 -9.14388E-11 8.09199E-11
25 1.76E-07 0.25 0.45 0.8 0.8 0.25 0.45 0.8 0.8 0.8 -1.01449E-16 1.72211E-14 1.34514E-15 -1.84652E-14 -1.68882E-14 -1.31E-15
25 1.76E-07 0.25 0.5 0.8 0.8 0.25 0.5 0.8 0.8 0.8 -3.0657E-17 1.72211E-14 9.78069E-16 -1.81684E-14 -1.68882E-14 -9.57068E-16
25 1.76E-07 0.25 0.55 0.8 0.8 0.25 0.55 0.8 0.8 0.8 -8.59331E-18 1.72211E-14 6.16994E-16 -1.78568E-14 -1.68882E-14 -6.32642E-16
25 1.76E-07 0.25 0.6 0.8 0.8 0.25 0.6 0.8 0.8 0.8 -2.23803E-18 1.72211E-14 3.78927E-16 -1.76967E-14 -1.68882E-14 -4.71444E-16
25 1.76E-07 0.25 0.65 0.8 0.8 0.25 0.65 0.8 0.8 0.8 -5.07098E-19 1.72211E-14 3.25371E-16 -1.75373E-14 -1.68882E-14 -3.12046E-16
25 1.76E-07 0.25 0.7 0.8 0.8 0.25 0.7 0.8 0.8 0.8 -1.00056E-18 1.72211E-14 2.10312E-16 -1.74397E-14 -1.68882E-14 -2.13576E-16
25 1.76E-07 0.25 0.75 0.8 0.8 0.25 0.75 0.8 0.8 0.8 -1.02359E-18 1.72211E-14 3.97409E-17 -1.73276E-14 -1.68882E-14 -1.01508E-16
25 1.76E-07 0.25 0.8 0.8 0.8 0.25 0.8 0.8 0.8 0.8 -1.65732E-21 1.72211E-14 -1.38147E-17 -1.72706E-14 -1.68882E-14 -4.54294E-17
25 1.76E-07 0.3 0.05 0.8 0.8 0.3 0.05 0.8 0.8 0.8 -5.31438E-13 7.53917E-15 6.85697E-13 -1.61895E-13 -7.3976E-15 -6.83789E-13
25 1.76E-07 0.3 0.1 0.8 0.8 0.3 0.1 0.8 0.8 0.8 -2.02984E-13 7.53917E-15 2.69307E-13 -7.39507E-14 -7.3976E-15 -2.68013E-13
25 1.76E-07 0.3 0.15 0.8 0.8 0.3 0.15 0.8 0.8 0.8 -7.64847E-14 7.53917E-15 1.05714E-13 -3.6788E-14 -7.3976E-15 -1.04803E-13
25 1.76E-07 0.3 0.2 0.8 0.8 0.3 0.2 0.8 0.8 0.8 -2.84938E-14 7.53917E-15 4.19099E-14 -2.09975E-14 -7.3976E-15 -4.13448E-14
25 1.76E-07 0.3 0.25 0.8 0.8 0.3 0.25 0.8 0.8 0.8 -1.05377E-14 7.53917E-15 1.71903E-14 -1.42219E-14 -7.3976E-15 -1.68387E-14
25 1.76E-07 0.3 0.3 0.8 0.8 0.3 0.3 0.8 0.8 0.8 -3.88141E-15 7.53917E-15 7.53917E-15 -1.1279E-14 -7.3976E-15 -7.39012E-15
25 1.76E-07 0.3 0.35 0.8 0.8 0.3 0.35 0.8 0.8 0.8 -1.40454E-15 7.53917E-15 3.70013E-15 -9.96526E-15 -7.3976E-15 -3.68749E-15
25 1.76E-07 0.3 0.4 0.8 0.8 0.3 0.4 0.8 0.8 0.8 -4.61065E-16 7.53917E-15 2.10898E-15 -9.24154E-15 -7.3976E-15 -2.0635E-15
25 1.76E-07 0.3 0.45 0.8 0.8 0.3 0.45 0.8 0.8 0.8 -1.39327E-16 7.53917E-15 1.34514E-15 -8.80941E-15 -7.3976E-15 -1.33322E-15
25 1.76E-07 0.3 0.5 0.8 0.8 0.3 0.5 0.8 0.8 0.8 -3.91043E-17 7.53917E-15 9.78069E-16 -8.48648E-15 -7.3976E-15 -9.24787E-16
25 1.76E-07 0.3 0.55 0.8 0.8 0.3 0.55 0.8 0.8 0.8 -1.02797E-17 7.53917E-15 6.16994E-16 -8.19397E-15 -7.3976E-15 -6.12621E-16
25 1.76E-07 0.3 0.6 0.8 0.8 0.3 0.6 0.8 0.8 0.8 -2.52982E-18 7.53917E-15 3.78927E-16 -8.02034E-15 -7.3976E-15 -4.36538E-16
25 1.76E-07 0.3 0.65 0.8 0.8 0.3 0.65 0.8 0.8 0.8 -5.79682E-19 7.53917E-15 3.25371E-16 -7.9087E-15 -7.3976E-15 -3.24734E-16
25 1.76E-07 0.3 0.7 0.8 0.8 0.3 0.7 0.8 0.8 0.8 -1.00797E-18 7.53917E-15 2.10312E-16 -7.78065E-15 -7.3976E-15 -1.9577E-16
25 1.76E-07 0.3 0.75 0.8 0.8 0.3 0.75 0.8 0.8 0.8 -1.02365E-18 7.53917E-15 3.97409E-17 -7.6681E-15 -7.3976E-15 -8.31253E-17
25 1.76E-07 0.3 0.8 0.8 0.8 0.3 0.8 0.8 0.8 0.8 -2.12314E-21 7.53917E-15 -1.38147E-17 -7.66869E-15 -7.3976E-15 -8.4711E-17
25 1.76E-07 0.35 0.05 0.8 0.8 0.35 0.05 0.8 0.8 0.8 -5.91602E-13 3.70013E-15 6.85697E-13 -9.78574E-14 -3.64227E-15 -6.83758E-13
25 1.76E-07 0.35 0.1 0.8 0.8 0.35 0.1 0.8 0.8 0.8 -2.28417E-13 3.70013E-15 2.69307E-13 -4.46704E-14 -3.64227E-15 -2.68008E-13
25 1.76E-07 0.35 0.15 0.8 0.8 0.35 0.15 0.8 0.8 0.8 -8.74385E-14 3.70013E-15 1.05714E-13 -2.20503E-14 -3.64227E-15 -1.04863E-13
25 1.76E-07 0.35 0.2 0.8 0.8 0.35 0.2 0.8 0.8 0.8 -3.33207E-14 3.70013E-15 4.19099E-14 -1.23554E-14 -3.64227E-15 -4.13729E-14
25 1.76E-07 0.35 0.25 0.8 0.8 0.35 0.25 0.8 0.8 0.8 -1.27892E-14 3.70013E-15 1.71903E-14 -8.17893E-15 -3.64227E-15 -1.68906E-14
25 1.76E-07 0.35 0.3 0.8 0.8 0.35 0.3 0.8 0.8 0.8 -4.95194E-15 3.70013E-15 7.53917E-15 -6.35277E-15 -3.64227E-15 -7.37773E-15
25 1.76E-07 0.35 0.35 0.8 0.8 0.35 0.35 0.8 0.8 0.8 -1.92603E-15 3.70013E-15 3.70013E-15 -5.5683E-15 -3.64227E-15 -3.6554E-15
25 1.76E-07 0.35 0.4 0.8 0.8 0.35 0.4 0.8 0.8 0.8 -6.92498E-16 3.70013E-15 2.10898E-15 -5.16237E-15 -3.64227E-15 -2.05915E-15
25 1.76E-07 0.35 0.45 0.8 0.8 0.35 0.45 0.8 0.8 0.8 -2.18899E-16 3.70013E-15 1.34514E-15 -4.87884E-15 -3.64227E-15 -1.3256E-15
25 1.76E-07 0.35 0.5 0.8 0.8 0.35 0.5 0.8 0.8 0.8 -6.1177E-17 3.70013E-15 9.78069E-16 -4.62902E-15 -3.64227E-15 -9.32768E-16
25 1.76E-07 0.35 0.55 0.8 0.8 0.35 0.55 0.8 0.8 0.8 -1.56257E-17 3.70013E-15 6.16994E-16 -4.39569E-15 -3.64227E-15 -6.63066E-16
25 1.76E-07 0.35 0.6 0.8 0.8 0.35 0.6 0.8 0.8 0.8 -3.40354E-18 3.70013E-15 3.78927E-16 -4.16856E-15 -3.64227E-15 -4.29009E-16
25 1.76E-07 0.35 0.65 0.8 0.8 0.35 0.65 0.8 0.8 0.8 -7.43893E-19 3.70013E-15 3.25371E-16 -4.05159E-15 -3.64227E-15 -3.11146E-16
25 1.76E-07 0.35 0.7 0.8 0.8 0.35 0.7 0.8 0.8 0.8 -1.03944E-18 3.70013E-15 2.10312E-16 -3.94626E-15 -3.64227E-15 -2.04784E-16
25 1.76E-07 0.35 0.75 0.800006 0.8 0.35 0.75 0.8 0.8 0.800006 -1.17542E-10 -3.88087E-11 -3.95703E-11 1.95921E-10 -1.22171E-10 1.23558E-10
25 1.76E-07 0.35 0.8 0.8 0.8 0.35 0.8 0.8 0.8 0.8 -2.7925E-21 3.70013E-15 -1.38147E-17 -3.8196E-15 -3.64227E-15 -7.90043E-17
25 1.76E-07 0.4 0.05 0.8 0.8 0.4 0.05 0.8 0.8 0.8 -6.39723E-13 2.10898E-15 6.85697E-13 -4.8181E-14 -2.11757E-15 -6.83771E-13
25 1.76E-07 0.4 0.1 0.8 0.8 0.4 0.1 0.8 0.8 0.8 -2.49151E-13 2.10898E-15 2.69307E-13 -2.23562E-14 -2.11757E-15 -2.67997E-13
25 1.76E-07 0.4 0.15 0.8 0.8 0.4 0.15 0.8 0.8 0.8 -9.65419E-14 2.10898E-15 1.05714E-13 -1.13127E-14 -2.11757E-15 -1.04796E-13
25 1.76E-07 0.4 0.2 0.8 0.8 0.4 0.2 0.8 0.8 0.8 -3.75244E-14 2.10898E-15 4.19099E-14 -6.55996E-15 -2.11757E-15 -4.13491E-14
25 1.76E-07 0.4 0.25 0.8 0.8 0.4 0.25 0.8 0.8 0.8 -1.48683E-14 2.10898E-15 1.71903E-14 -4.50788E-15 -2.11757E-15 -1.68665E-14
25 1.76E-07 0.4 0.3 0.8 0.8 0.4 0.3 0.8 0.8 0.8 -6.13383E-15 2.10898E-15 7.53917E-15 -3.64083E-15 -2.11757E-15 -7.41558E-15
25 1.76E-07 0.4 0.35 0.8 0.8 0.4 0.35 0.8 0.8 0.8 -2.61552E-15 2.10898E-15 3.70013E-15 -3.30525E-15 -2.11757E-15 -3.64975E-15
25 1.76E-07 0.4 0.4 0.8 0.8 0.4 0.4 0.8 0.8 0.8 -1.10441E-15 2.10898E-15 2.10898E-15 -3.22197E-15 -2.11757E-15 -2.09854E-15
25 1.76E-07 0.4 0.45 0.8 0.8 0.4 0.45 0.8 0.8 0.8 -3.81257E-16 2.10898E-15 1.34514E-15 -3.11092E-15 -2.11757E-15 -1.28795E-15
25 1.76E-07 0.4 0.5 0.8 0.8 0.4 0.5 0.8 0.8 0.8 -1.16551E-16 2.10898E-15 9.78069E-16 -3.01374E-15 -2.11757E-15 -9.40778E-16
25 1.76E-07 0.4 0.55 0.8 0.8 0.4 0.55 0.8 0.8 0.8 -2.77833E-17 2.10898E-15 6.16994E-16 -2.79151E-15 -2.11757E-15 -6.38943E-16
25 1.76E-07 0.4 0.6 0.8 0.8 0.4 0.6 0.8 0.8 0.8 -5.8912E-18 2.10898E-15 3.78927E-16 -2.60158E-15 -2.11757E-15 -4.32431E-16
25 1.76E-07 0.4 0.65 0.8 0.8 0.4 0.65 0.8 0.8 0.8 -1.23232E-18 2.10898E-15 3.25371E-16 -2.48439E-15 -2.11757E-15 -3.12342E-16
25 1.76E-07 0.4 0.7 0.8 0.8 0.4 0.7 0.8 0.8 0.8 -1.11425E-18 2.10898E-15 2.10312E-16 -2.36351E-15 -2.11757E-15 -1.90017E-16
25 1.76E-07 0.4 0.75 0.8 0.8 0.4 0.75 0.8 0.8 0.8 -1.03908E-18 2.10898E-15 3.97409E-17 -2.27132E-15 -2.11757E-15 -9.76263E-17
25 1.76E-07 0.4 0.8 0.8 0.8 0.4 0.8 0.8 0.8 0.8 -3.92071E-21 2.10898E-15 -1.38147E-17 -2.22648E-15 -2.11757E-15 -5.37911E-17
25 1.76E-07 0.45 0.05 0.8 0.8 0.45 0.05 0.8 0.8 0.8 -6.67601E-13 1.34514E-15 6.85697E-13 -1.95389E-14 -1.34133E-15 -6.83806E-13
25 1.76E-07 0.45 0.1 0.8 0.8 0.45 0.1 0.8 0.8 0.8 -2.6129E-13 1.34514E-15 2.69307E-13 -9.37924E-15 -1.34133E-15 -2.67958E-13
25 1.76E-07 0.45 0.15 0.8 0.8 0.45 0.15 0.8 0.8 0.8 -1.02061E-13 1.34514E-15 1.05714E-13 -5.02565E-15 -1.34133E-15 -1.04828E-13
25 1.76E-07 0.45 0.2 0.800001 0.8 0.45 0.2 0.8 0.8 0.800001 6.98858E-11 -1.45538E-11 -1.60213E-11 -3.93106E-11 -4.43563E-11 3.63053E-11
25 1.76E-07 0.45 0.25 0.800001 0.8 0.45 0.25 0.8 0.8 0.800001 1.07817E-10 -2.30843E-11 -2.50992E-11 -5.96337E-11 -7.0363E-11 6.17781E-11
25 1.76E-07 0.45 0.3 0.8 0.8 0.45 0.3 0.8 0.8 0.8 -6.9576E-15 1.34514E-15 7.53917E-15 -2.00031E-15 -1.34133E-15 -7.39868E-15
25 1.76E-07 0.45 0.35 0.8 0.8 0.45 0.35 0.8 0.8 0.8 -3.24876E-15 1.34514E-15 3.70013E-15 -1.90446E-15 -1.34133E-15 -3.68202E-15
25 1.76E-07 0.45 0.4 0.8 0.8 0.45 0.4 0.8 0.8 0.8 -1.56345E-15 1.34514E-15 2.10898E-15 -1.93833E-15 -1.34133E-15 -2.07377E-15
25 1.76E-07 0.45 0.45 0.8 0.8 0.45 0.45 0.8 0.8 0.8 -6.93219E-16 1.34514E-15 1.34514E-15 -2.03455E-15 -1.34133E-15 -1.32336E-15
25 1.76E-07 0.45 0.5 0.8 0.8 0.45 0.5 0.8 0.8 0.8 -2.47444E-16 1.34514E-15 9.78069E-16 -2.08367E-15 -1.34133E-15 -9.41425E-16
25 1.76E-07 0.45 0.55 0.8 0.8 0.45 0.55 0.8 0.8 0.8 -6.11015E-17 1.34514E-15 6.16994E-16 -1.94191E-15 -1.34133E-15 -6.22484E-16
25 1.76E-07 0.45 0.6 0.8 0.8 0.45 0.6 0.8 0.8 0.8 -1.39522E-17 1.34514E-15 3.78927E-16 -1.82509E-15 -1.34133E-15 -4.63817E-16
25 1.76E-07 0.45 0.65 0.8 0.8 0.45 0.65 0.8 0.8 0.8 -2.62663E-18 1.34514E-15 3.25371E-16 -1.67612E-15 -1.34133E-15 -3.05284E-16
25 1.76E-07 0.45 0.7 0.8 0.8 0.45 0.7 0.8 0.8 0.8 -1.38552E-18 1.34514E-15 2.10312E-16 -1.58135E-15 -1.34133E-15 -2.07951E-16
25 1.76E-07 0.45 0.75 0.8 0.8 0.45 0.75 0.8 0.8 0.8 -1.07508E-18 1.34514E-15 3.97409E-17 -1.47749E-15 -1.34133E-15 -1.03657E-16
25 1.76E-07 0.45 0.8 0.8 0.8 0.45 0.8 0.8 0.8 0.8 -1.0766E-20 1.34514E-15 -1.38147E-17 -1.44163E-15 -1.34133E-15 -6.87706E-17
25 1.76E-07 0.5 0.05 0.8 0.8 0.5 0.05 0.8 0.8 0.8 -6.79625E-13 9.78069E-16 6.85697E-13 -6.99145E-15 -8.93544E-16 -6.83745E-13
25 1.76E-07 0.5 0.1 0.8 0.8 0.5 0.1 0.8 0.8 0.8 -2.66679E-13 9.78069E-16 2.69307E-13 -3.59571E-15 -8.93544E-16 -2.68026E-13
25 1.76E-07 0.5 0.15 0.8 0.8 0.5 0.15 0.8 0.8 0.8 -1.04473E-13 9.78069E-16 1.05714E-13 -2.13751E-15 -8.93544E-16 -1.04814E-13
25 1.76E-07 0.5 0.2 0.8 0.8 0.5 0.2 0.8 0.8 0.8 -4.13215E-14 9.78069E-16 4.19099E-14 -1.50764E-15 -8.93544E-16 -4.13563E-14
25 1.76E-07 0.5 0.25 0.800001 0.8 0.5 0.25 0.8 0.8 0.800001 1.37919E-10 -2.75341E-11 -3.02243E-11 -8.01607E-11 -8.45704E-11 7.44235E-11
25 1.76E-07 0.5 0.3 0.8 0.8 0.5 0.3 0.8 0.8 0.8 -7.33954E-15 9.78069E-16 7.53917E-15 -1.12534E-15 -8.93544E-16 -7.36816E-15
25 1.76E-07 0.5 0.35 0.8 0.8 0.5 0.35 0.8 0.8 0.8 -3.56515E-15 9.78069E-16 3.70013E-15 -1.09983E-15 -8.93544E-16 -3.65628E-15
25 1.76E-07 0.5 0.4 0.8 0.8 0.5 0.4 0.8 0.8 0.8 -1.87815E-15 9.78069E-16 2.10898E-15 -1.13235E-15 -8.93544E-16 -2.045E-15
25 1.76E-07 0.5 0.45 0.8 0.8 0.5 0.45 0.8 0.8 0.8 -1.02333E-15 9.78069E-16 1.34514E-15 -1.23343E-15 -8.93544E-16 -1.31486E-15
25 1.76E-07 0.5 0.5 0.8 0.8 0.5 0.5 0.8 0.8 0.8 -4.96557E-16 9.78069E-16 9.78069E-16 -1.3901E-15 -8.93544E-16 -9.59474E-16
25 1.76E-07 0.5 0.55 0.8 0.8 0.5 0.55 0.8 0.8 0.8 -1.48475E-16 9.78069E-16 6.16994E-16 -1.38785E-15 -8.93544E-16 -6.18305E-16
25 1.76E-07 0.5 0.6 0.8 0.8 0.5 0.6 0.8 0.8 0.8 -3.51822E-17 9.78069E-16 3.78927E-16 -1.31173E-15 -8.93544E-16 -4.34199E-16
25 1.76E-07 0.5 0.65 0.8 0.8 0.5 0.65 0.8 0.8 0.8 -6.31304E-18 9.78069E-16 3.25371E-16 -1.17272E-15 -8.93544E-16 -2.68079E-16
25 1.76E-07 0.5 0.7 0.8 0.8 0.5 0.7 0.8 0.8 0.8 -2.08529E-18 9.78069E-16 2.10312E-16 -1.09591E-15 -8.93544E-16 -1.85714E-16
25 1.76E-07 0.5 0.75 0.8 0.8 0.5 0.75 0.8 0.8 0.8 -1.18611E-18 9.78069E-16 3.97409E-17 -1.01527E-15 -8.93544E-16 -1.04062E-16
25 1.76E-07 0.5 0.8 0.8 0.8 0.5 0.8 0.8 0.8 0.8 -2.20928E-20 9.78069E-16 -1.38147E-17 -9.59022E-16 -8.93544E-16 -4.86801E-17
25 1.76E-07 0.55 0.05 0.8 0.8 0.55 0.05 0.8 0.8 0.8 -6.83921E-13 6.16994E-16 6.85697E-13 -2.49129E-15 -6.63173E-16 -6.83781E-13
25 1.76E-07 0.55 0.1 0.8 0.8 0.55 0.1 0.8 0.8 0.8 -2.68538E-13 6.16994E-16 2.69307E-13 -1.47452E-15 -6.63173E-16 -2.68004E-13
25 1.76E-07 0.55 0.15 0.8 0.8 0.55 0.15 0.8 0.8 0.8 -1.05353E-13 6.16994E-16 1.05714E-13 -1.03793E-15 -6.63173E-16 -1.04835E-13
25 1.76E-07 0.55 0.2 0.8 0.8 0.55 0.2 0.8 0.8 0.8 -4.1742E-14 6.16994E-16 4.19099E-14 -8.49157E-16 -6.63173E-16 -4.13578E-14
25 1.76E-07 0.55 0.25 0.8 0.8 0.55 0.25 0.8 0.8 0.8 -1.71308E-14 6.16994E-16 1.71903E-14 -7.68049E-16 -6.63173E-16 -1.68911E-14
25 1.76E-07 0.55 0.3 0.800002 0.8 0.55 0.3 0.8 0.8 0.800002 1.32163E-10 -2.5673E-11 -2.85499E-11 -7.79399E-11 -7.98792E-11 7.57851E-11
25 1.76E-07 0.55 0.35 0.8 0.8 0.55 0.35 0.8 0.8 0.8 -3.71746E-15 6.16994E-16 3.70013E-15 -7.2846E-16 -6.63173E-16 -3.67677E-15
25 1.76E-07 0.55 0.4 0.8 0.8 0.55 0.4 0.8 0.8 0.8 -2.0758E-15 6.16994E-16 2.10898E-15 -7.42914E-16 -6.63173E-16 -2.09276E-15
25 1.76E-07 0.55 0.45 0.8 0.8 0.55 0.45 0.8 0.8 0.8 -1.23665E-15 6.16994E-16 1.34514E-15 -7.86571E-16 -6.63173E-16 -1.32086E-15
25 1.76E-07 0.55 0.5 0.8 0.8 0.55 0.5 0.8 0.8 0.8 -7.53021E-16 6.16994E-16 9.78069E-16 -8.88667E-16 -6.63173E-16 -9.54042E-16
25 1.76E-07 0.55 0.55 0.8 0.8 0.55 0.55 0.8 0.8 0.8 -3.34327E-16 6.16994E-16 6.16994E-16 -9.975E-16 -6.63173E-16 -6.53347E-16
25 1.76E-07 0.55 0.6 0.8 0.8 0.55 0.6 0.8 0.8 0.8 -1.00274E-16 6.16994E-16 3.78927E-16 -1.02248E-15 -6.63173E-16 -4.49578E-16
25 1.76E-07 0.55 0.65 0.8 0.8 0.55 0.65 0.8 0.8 0.8 -2.24474E-17 6.16994E-16 3.25371E-16 -9.63643E-16 -6.63173E-16 -3.14678E-16
25 1.76E-07 0.55 0.7 0.8 0.8 0.55 0.7 0.8 0.8 0.8 -4.40149E-18 6.16994E-16 2.10312E-16 -8.43154E-16 -6.63173E-16 -1.74817E-16
25 1.76E-07 0.55 0.75 0.8 0.8 0.55 0.75 0.8 0.8 0.8 -1.51372E-18 6.16994E-16 3.97409E-17 -7.65478E-16 -6.63173E-16 -9.41341E-17
25 1.76E-07 0.55 0.8 0.8 0.8 0.55 0.8 0.8 0.8 0.8 -9.5273E-20 6.16994E-16 -1.38147E-17 -7.40262E-16 -6.63173E-16 -6.95314E-17
25 1.76E-07 0.6 0.05 0.8 0.8 0.6 0.05 0.8 0.8 0.8 -6.85217E-13 3.78927E-16 6.85697E-13 -9.28239E-16 -4.17536E-16 -6.83764E-13
25 1.76E-07 0.6 0.1 0.8 0.8 0.6 0.1 0.8 0.8 0.8 -2.6912E-13 3.78927E-16 2.69307E-13 -6.44316E-16 -4.17536E-16 -2.68006E-13
25 1.76E-07 0.6 0.15 0.8 0.8 0.6 0.15 0.8 0.8 0.8 -1.05588E-13 3.78927E-16 1.05714E-13 -5.22349E-16 -4.17536E-16 -1.04805E-13
25 1.76E-07 0.6 0.2 0.8 0.8 0.6 0.2 0.8 0.8 0.8 -4.18809E-14 3.78927E-16 4.19099E-14 -4.69662E-16 -4.17536E-16 -4.13681E-14
25 1.76E-07 0.6 0.25 0.8 0.8 0.6 0.25 0.8 0.8 0.8 -1.71651E-14 3.78927E-16 1.71903E-14 -4.46938E-16 -4.17536E-16 -1.68552E-14
25 1.76E-07 0.6 0.3 0.8 0.8 0.6 0.3 0.8 0.8 0.8 -7.53051E-15 3.78927E-16 7.53917E-15 -4.37738E-16 -4.17536E-16 -7.36201E-15
25 1.76E-07 0.6 0.35 0.800005 0.8 0.6 0.35 0.8 0.8 0.800005 1.84207E-10 -3.48585E-11 -4.02822E-11 -1.09066E-10 -1.10442E-10 1.11103E-10
25 1.76E-07 0.6 0.4 0.800015 0.8 0.6 0.4 0.8 0.8 0.800015 2.23349E-10 -4.25014E-11 -4.98741E-11 -1.30973E-10 -1.34671E-10 1.39013E-10
25 1.76E-07 0.6 0.45 0.8 0.8 0.6 0.45 0.8 0.8 0.8 -1.28966E-15 3.78927E-16 1.34514E-15 -4.53492E-16 -4.17536E-16 -1.29172E-15
25 1.76E-07 0.6 0.5 0.800254 0.8 0.6 0.5 0.8 0.8 0.800254 4.59335E-10 -9.79041E-11 -1.14861E-10 -2.4657E-10 -3.10916E-10 3.27979E-10
25 1.76E-07 0.6 0.55 0.8 0.8 0.6 0.55 0.8 0.8 0.8 -5.10805E-16 3.78927E-16 6.16994E-16 -5.60043E-16 -4.17536E-16 -6.43309E-16
25 1.76E-07 0.6 0.6 0.8 0.8 0.6 0.6 0.8 0.8 0.8 -2.24984E-16 3.78927E-16 3.78927E-16 -6.4252E-16 -4.17536E-16 -4.45268E-16
25 1.76E-07 0.6 0.65 0.8 0.8 0.6 0.65 0.8 0.8 0.8 -6.74312E-17 3.78927E-16 3.25371E-16 -6.69321E-16 -4.17536E-16 -3.16279E-16
25 1.76E-07 0.6 0.7 0.8 0.8 0.6 0.7 0.8 0.8 0.8 -1.27708E-17 3.78927E-16 2.10312E-16 -5.871E-16 -4.17536E-16 -1.78073E-16
25 1.76E-07 0.6 0.75 0.8 0.8 0.6 0.75 0.8 0.8 0.8 -2.66911E-18 3.78927E-16 3.97409E-17 -5.09818E-16 -4.17536E-16 -9.05701E-17
25 1.76E-07 0.6 0.8 0.8 0.8 0.6 0.8 0.8 0.8 0.8 -2.93972E-19 3.78927E-16 -1.38147E-17 -4.8173E-16 -4.17536E-16 -6.21373E-17
25 1.76E-07 0.65 0.05 0.8 0.8 0.65 0.05 0.8 0.8 0.8 -6.85588E-13 3.25371E-16 6.85697E-13 -4.29043E-16 -2.92174E-16 -6.83763E-13
25 1.76E-07 0.65 0.1 0.8 0.8 0.65 0.1 0.8 0.8 0.8 -2.69314E-13 3.25371E-16 2.69307E-13 -3.5295E-16 -2.92174E-16 -2.68036E-13
25 1.76E-07 0.65 0.15 0.8 0.8 0.65 0.15 0.8 0.8 0.8 -1.05654E-13 3.25371E-16 1.05714E-13 -3.20249E-16 -2.92174E-16 -1.04796E-13
25 1.76E-07 0.65 0.2 0.8 0.8 0.65 0.2 0.8 0.8 0.8 -4.19098E-14 3.25371E-16 4.19099E-14 -3.06126E-16 -2.92174E-16 -4.13606E-14
25 1.76E-07 0.65 0.25 0.8 0.8 0.65 0.25 0.8 0.8 0.8 -1.71933E-14 3.25371E-16 1.71903E-14 -3.00041E-16 -2.92174E-16 -1.68637E-14
25 1.76E-07 0.65 0.3 0.800001 0.8 0.65 0.3 0.8 0.8 0.800001 6.90865E-11 -1.279E-11 -1.48467E-11 -4.14497E-11 -4.15258E-11 3.93733E-11
25 1.76E-07 0.65 0.35 0.8 0.8 0.65 0.35 0.8 0.8 0.8 -3.74591E-15 3.25371E-16 3.70013E-15 -2.97093E-16 -2.92174E-16 -3.6519E-15
25 1.76E-07 0.65 0.4 0.800031 0.8 0.65 0.4 0.8 0.8 0.800031 4.65994E-10 -8.58762E-11 -1.03271E-10 -2.76847E-10 -2.78907E-10 2.88141E-10
25 1.76E-07 0.65 0.45 0.800115 0.8 0.65 0.45 0.8 0.8 0.800115 6.60127E-10 -1.22434E-10 -1.47554E-10 -3.90139E-10 -3.97844E-10 4.1472E-10
25 1.76E-07 0.65 0.5 0.80028 0.8 0.65 0.5 0.8 0.8 0.80028 5.21358E-10 -9.86805E-11 -1.19058E-10 -3.0362E-10 -3.22219E-10 3.4081E-10
25 1.76E-07 0.65 0.55 0.8 0.8 0.65 0.55 0.8 0.8 0.8 -6.10545E-16 3.25371E-16 6.16994E-16 -3.37778E-16 -2.92174E-16 -6.4791E-16
25 1.76E-07 0.65 0.6 0.8 0.8 0.65 0.6 0.8 0.8 0.8 -5.10907E-12 1.77729E-12 9.17401E-13 2.41436E-12 2.41593E-12 5.45135E-12
25 1.76E-07 0.65 0.65 0.8 0.8 0.65 0.65 0.8 0.8 0.8 -1.59303E-16 3.25371E-16 3.25371E-16 -4.51477E-16 -2.92174E-16 -3.17433E-16
25 1.76E-07 0.65 0.7 0.8 0.8 0.65 0.7 0.8 0.8 0.8 -3.41125E-17 3.25371E-16 2.10312E-16 -4.19064E-16 -2.92174E-16 -1.58505E-16
25 1.76E-07 0.65 0.75 0.8 0.8 0.65 0.75 0.8 0.8 0.8 -6.25095E-18 3.25371E-16 3.97409E-17 -3.6974E-16 -2.92174E-16 -8.12E-17
25 1.76E-07 0.65 0.8 0.8 0.8 0.65 0.8 0.8 0.8 0.8 -9.04209E-19 3.25371E-16 -1.38147E-17 -3.44395E-16 -2.92174E-16 -5.25389E-17
25 1.76E-07 0.7 0.05 0.8 0.8 0.7 0.05 0.8 0.8 0.8 -6.85679E-13 2.10312E-16 6.85697E-13 -1.9614E-16 -1.5941E-16 -6.83753E-13
25 1.76E-07 0.7 0.1 0.8 0.8 0.7 0.1 0.8 0.8 0.8 -2.69308E-13 2.10312E-16 2.69307E-13 -1.76206E-16 -1.5941E-16 -2.67985E-13
25 1.76E-07 0.7 0.15 0.8 0.8 0.7 0.15 0.8 0.8 0.8 -1.05688E-13 2.10312E-16 1.05714E-13 -1.67644E-16 -1.5941E-16 -1.04809E-13
25 1.76E-07 0.7 0.2 0.8 0.8 0.7 0.2 0.8 0.8 0.8 -4.18919E-14 2.10312E-16 4.19099E-14 -1.63941E-16 -1.5941E-16 -4.1332E-14
25 1.76E-07 0.7 0.25 0.8 0.8 0.7 0.25 0.8 0.8 0.8 -1.71845E-14 2.10312E-16 1.71903E-14 -1.62348E-16 -1.5941E-16 -1.68485E-14
25 1.76E-07 0.7 0.3 0.8 0.8 0.7 0.3 0.8 0.8 0.8 -7.57626E-15 2.10312E-16 7.53917E-15 -1.61709E-16 -1.5941E-16 -7.3903E-15
25 1.76E-07 0.7 0.35 0.8 0.8 0.7 0.35 0.8 0.8 0.8 -3.7792E-15 2.10312E-16 3.70013E-15 -1.61588E-16 -1.5941E-16 -3.68114E-15
25 1.76E-07 0.7 0.4 0.800012 0.8 0.7 0.4 0.8 0.8 0.800012 1.85374E-10 -3.31504E-11 -4.11997E-11 -1.11024E-10 -1.11239E-10 1.14814E-10
25 1.76E-07 0.7 0.45 0.800117 0.8 0.7 0.45 0.8 0.8 0.800117 6.74721E-10 -1.20743E-10 -1.50434E-10 -4.03544E-10 -4.05605E-10 4.22834E-10
25 1.76E-07 0.7 0.5 0.8 0.8 0.7 0.5 0.8 0.8 0.8 -9.4855E-16 2.10312E-16 9.78069E-16 -1.6584E-16 -1.5941E-16 -9.36249E-16
25 1.76E-07 0.7 0.55 0.8 0.8 0.7 0.55 0.8 0.8 0.8 -6.5948E-16 2.10312E-16 6.16994E-16 -1.7319E-16 -1.5941E-16 -6.63696E-16
25 1.76E-07 0.7 0.6 0.8 0.8 0.7 0.6 0.8 0.8 0.8 -3.35781E-12 1.44407E-12 5.29742E-13 1.38399E-12 1.38439E-12 3.58143E-12
25 1.76E-07 0.7 0.65 0.8 0.8 0.7 0.65 0.8 0.8 0.8 -4.93433E-13 1.98868E-13 1.10233E-13 1.84309E-13 1.84522E-13 5.30215E-13
25 1.76E-07 0.7 0.7 0.8 0.8 0.7 0.7 0.8 0.8 0.8 -1.01979E-16 2.10312E-16 2.10312E-16 -2.61389E-16 -1.5941E-16 -2.00135E-16
25 1.76E-07 0.7 0.75 0.8 0.8 0.7 0.75 0.8 0.8 0.8 -1.80396E-17 2.10312E-16 3.97409E-17 -2.26174E-16 -1.5941E-16 -8.0861E-17
25 1.76E-07 0.7 0.8 0.8 0.8 0.7 0.8 0.8 0.8 0.8 -2.55031E-18 2.10312E-16 -1.38147E-17 -1.98725E-16 -1.5941E-16 -3.99537E-17
25 1.76E-07 0.75 0.05 0.8 0.8 0.75 0.05 0.8 0.8 0.8 -6.85735E-13 3.97409E-17 6.85697E-13 -8.50259E-17 -7.4755E-17 -6.83782E-13
25 1.76E-07 0.75 0.1 0.8 0.8 0.75 0.1 0.8 0.8 0.8 -2.69367E-13 3.97409E-17 2.69307E-13 -7.98692E-17 -7.4755E-17 -2.68032E-13
25 1.76E-07 0.75 0.15 0.8 0.8 0.75 0.15 0.8 0.8 0.8 -1.05679E-13 3.97409E-17 1.05714E-13 -7.76532E-17 -7.4755E-17 -1.04794E-13
25 1.76E-07 0.75 0.2 0.8 0.8 0.75 0.2 0.8 0.8 0.8 -4.18869E-14 3.97409E-17 4.19099E-14 -7.66954E-17 -7.4755E-17 -4.13243E-14
25 1.76E-07 0.75 0.25 0.800001 0.8 0.75 0.25 0.8 0.8 0.800001 9.72171E-11 -1.69036E-11 -2.11623E-11 -5.91512E-11 -5.91563E-11 5.20613E-11
25 1.76E-07 0.75 0.3 0.8 0.8 0.75 0.3 0.8 0.8 0.8 -7.55517E-15 3.97409E-17 7.53917E-15 -7.61169E-17 -7.4755E-17 -7.36814E-15
25 1.76E-07 0.75 0.35 0.8 0.8 0.75 0.35 0.8 0.8 0.8 -3.76006E-15 3.97409E-17 3.70013E-15 -7.6085E-17 -7.4755E-17 -3.66103E-15
25 1.76E-07 0.75 0.4 0.800022 0.8 0.75 0.4 0.8 0.8 0.800022 3.37915E-10 -5.83013E-11 -7.55932E-11 -2.0402E-10 -2.04122E-10 2.10795E-10
25 1.76E-07 0.75 0.45 0.8 0.8 0.75 0.45 0.8 0.8 0.8 -1.37083E-15 3.97409E-17 1.34514E-15 -7.6442E-17 -7.4755E-17 -1.33895E-15
25 1.76E-07 0.75 0.5 0.800219 0.8 0.75 0.5 0.8 0.8 0.800219 4.12741E-10 -7.0825E-11 -9.24712E-11 -2.49445E-10 -2.50438E-10 2.63988E-10
25 1.76E-07 0.75 0.55 0.8 0.8 0.75 0.55 0.8 0.8 0.8 -6.67298E-16 3.97409E-17 6.16994E-16 -7.91276E-17 -7.4755E-17 -6.61986E-16
25 1.76E-07 0.75 0.6 0.8 0.8 0.75 0.6 0.8 0.8 0.8 -4.54275E-16 3.97409E-17 3.78927E-16 -8.39947E-17 -7.4755E-17 -4.59134E-16
25 1.76E-07 0.75 0.65 0.8 0.8 0.75 0.65 0.8 0.8 0.8 -3.01602E-16 3.97409E-17 3.25371E-16 -9.61852E-17 -7.4755E-17 -3.20415E-16
25 1.76E-07 0.75 0.7 0.8 0.8 0.75 0.7 0.8 0.8 0.8 -1.54715E-16 3.97409E-17 2.10312E-16 -1.15547E-16 -7.4755E-17 -1.91565E-16
25 1.76E-07 0.75 0.75 0.8 0.8 0.75 0.75 0.8 0.8 0.8 -4.91244E-17 3.97409E-17 3.97409E-17 -1.23879E-16 -7.4755E-17 -9.41872E-17
25 1.76E-07 0.75 0.8 0.8 0.8 0.75 0.8 0.8 0.8 0.8 -1.00907E-17 3.97409E-17 -1.38147E-17 -1.15034E-16 -7.4755E-17 -4.83386E-17
25 1.76E-07 0.8 0.05 0.8 0.8 0.8 0.05 0.8 0.8 0.8 -6.85734E-13 -1.38147E-17 6.85697E-13 -5.67796E-17 -5.44009E-17 -6.83776E-13
25 1.76E-07 0.8 0.1 0.8 0.8 0.8 0.1 0.8 0.8 0.8 -2.69329E-13 -1.38147E-17 2.69307E-13 -5.54542E-17 -5.44009E-17 -2.67992E-13
25 1.76E-07 0.8 0.15 0.8 0.8 0.8 0.15 0.8 0.8 0.8 -1.05689E-13 -1.38147E-17 1.05714E-13 -5.48848E-17 -5.44009E-17 -1.04803E-13
25 1.76E-07 0.8 0.2 0.8 0.8 0.8 0.2 0.8 0.8 0.8 -4.19139E-14 -1.38147E-17 4.19099E-14 -5.46388E-17 -5.44009E-17 -4.13516E-14
25 1.76E-07 0.8 0.25 0.800001 0.8 0.8 0.25 0.8 0.8 0.800001 6.51543E-11 -1.08542E-11 -1.43064E-11 -3.99937E-11 -3.99945E-11 3.51786E-11
25 1.76E-07 0.8 0.3 0.8 0.8 0.8 0.3 0.8 0.8 0.8 -7.55831E-15 -1.38147E-17 7.53917E-15 -5.449E-17 -5.44009E-17 -7.37203E-15
25 1.76E-07 0.8 0.35 0.800005 0.8 0.8 0.35 0.8 0.8 0.800005 1.83752E-10 -3.0475E-11 -4.09723E-11 -1.12305E-10 -1.12311E-10 1.12993E-10
25 1.76E-07 0.8 0.4 0.8 0.8 0.8 0.4 0.8 0.8 0.8 -2.15258E-15 -1.38147E-17 2.10898E-15 -5.45033E-17 -5.44009E-17 -2.09756E-15
25 1.76E-07 0.8 0.45 0.800085 0.8 0.8 0.45 0.8 0.8 0.800085 4.89501E-10 -8.07986E-11 -1.10599E-10 -2.98103E-10 -2.98202E-10 3.10664E-10
25 1.76E-07 0.8 0.5 0.800152 0.8 0.8 0.5 0.8 0.8 0.800152 2.86222E-10 -4.70199E-11 -6.45209E-11 -1.74681E-10 -1.74858E-10 1.83704E-10
25 1.76E-07 0.8 0.55 0.8 0.8 0.8 0.55 0.8 0.8 0.8 -6.60483E-16 -1.38147E-17 6.16994E-16 -5.52549E-17 -5.44009E-17 -6.53684E-16
25 1.76E-07 0.8 0.6 0.8 0.8 0.8 0.6 0.8 0.8 0.8 -4.44421E-16 -1.38147E-17 3.78927E-16 -5.64686E-17 -5.44009E-17 -4.44138E-16
25 1.76E-07 0.8 0.65 0.8 0.8 0.8 0.65 0.8 0.8 0.8 -2.97874E-16 -1.38147E-17 3.25371E-16 -5.95826E-17 -5.44009E-17 -3.02469E-16
25 1.76E-07 0.8 0.7 0.8 0.8 0.8 0.7 0.8 0.8 0.8 -1.68177E-16 -1.38147E-17 2.10312E-16 -6.55186E-17 -5.44009E-17 -1.77383E-16
25 1.76E-07 0.8 0.75 0.8 0.8 0.8 0.75 0.8 0.8 0.8 -7.52106E-17 -1.38147E-17 3.97409E-17 -7.34692E-17 -5.44009E-17 -9.2248E-17
25 1.76E-07 0.8 0.8 0.8 0.8 0.8 0.8 0.8 0.8 0.8 -1.99584E-17 -1.38147E-17 -1.38147E-17 -7.43593E-17 -5.44009E-17 -3.99168E-17
