Temp	Width		V(gate)		I(Vd)				I(Vg)				I(Vs)					I(Vb)
 25		 22			 0.0 		4.35927e-47		7.19637e-47		4.36352e-47				-1.59192e-46
 25		 22			 0.1 		5.62141e-19		-1.98074e-17		5.62141e-19				5.45158e-18
 25		 22			 0.2 		2.15628e-18		-3.96148e-17		2.15628e-18				7.42453e-18
 25		 22			 0.3 		5.72902e-18		6.35855e-17		5.72902e-18				7.42181e-18
 25		 22			 0.4 		1.28958e-17		-7.92296e-17		1.28958e-17				7.17801e-18
 25		 22			 0.5 		2.63532e-17		-4.92031e-16		2.63532e-17				5.33971e-17
 25		 22			 0.6 		5.05236e-17		-2.38092e-15		5.05236e-17				2.92437e-15
 25		 22			 0.7 		9.25585e-17		-1.73528e-13		9.25585e-17				1.73865e-13
 25		 22			 0.8 		1.63887e-16		-9.6445e-12		1.63887e-16				9.64404e-12

Temp	Width		V(gate)		I(Vd)				I(Vg)				I(Vs)					I(Vb)
 25		 44			 0.0 		1.06338e-46		3.13857e-46		1.06266e-46				-5.26461e-46
 25		 44			 0.1 		1.59273e-18		-9.90369e-18		1.59273e-18				1.54462e-17
 25		 44			 0.2 		6.10947e-18		-1.98074e-17		6.10947e-18				2.10362e-17
 25		 44			 0.3 		1.62322e-17		-9.12149e-17		1.62322e-17				2.10285e-17
 25		 44			 0.4 		3.65382e-17		-3.96148e-17		3.65382e-17				2.03377e-17
 25		 44			 0.5 		7.46674e-17		-2.46015e-16		7.46674e-17				1.51292e-16
 25		 44			 0.6 		1.4315e-16		-8.57092e-15		1.4315e-16				8.28571e-15
 25		 44			 0.7 		2.62249e-16		-4.92689e-13		2.62249e-16				4.92617e-13
 25		 44			 0.8 		4.64346e-16		-2.7326e-11		4.64346e-16				2.73248e-11

Temp	Width		V(gate)		I(Vd)				I(Vg)				I(Vs)					I(Vb)
 25		 66			 0.0 		1.48921e-47		5.22666e-47		1.44219e-47				-8.15805e-47
 25		 66			 0.1 		2.62333e-18		-6.99567e-17		2.62333e-18				2.54407e-17
 25		 66			 0.2 		1.00627e-17		-5.79082e-17		1.00627e-17				3.46478e-17
 25		 66			 0.3 		2.67354e-17		-9.41166e-17		2.67354e-17				3.46351e-17
 25		 66			 0.4 		6.01806e-17		-1.97822e-16		6.01806e-17				3.34974e-17
 25		 66			 0.5 		1.22982e-16		-4.92031e-16		1.22982e-16				2.49186e-16
 25		 66			 0.6 		2.35777e-16		-1.40711e-14		2.35777e-16				1.36471e-14
 25		 66			 0.7 		4.3194e-16		-8.12111e-13		4.3194e-16				8.11369e-13
 25		 66			 0.8 		7.64805e-16		-4.50074e-11		7.64805e-16				4.50055e-11

Temp	Width		V(gate)		I(Vd)				I(Vg)				I(Vs)					I(Vb)
 25		 88			 0.0 		-3.96038e-46		-1.54356e-45		-3.95875e-46				2.33547e-45
 25		 88			 0.1 		3.65392e-18		-5.10797e-17		3.65392e-18				3.54353e-17
 25		 88			 0.2 		1.40158e-17		-1.02159e-16		1.40158e-17				4.82595e-17
 25		 88			 0.3 		3.72386e-17		-1.68615e-16		3.72386e-17				4.82418e-17
 25		 88			 0.4 		8.38229e-17		-2.04319e-16		8.38229e-17				4.66571e-17
 25		 88			 0.5 		1.71296e-16		-6.76542e-16		1.71296e-16				3.47081e-16
 25		 88			 0.6 		3.28404e-16		-1.96614e-14		3.28404e-16				1.90084e-14
 25		 88			 0.7 		6.0163e-16		-1.13126e-12		6.0163e-16				1.13012e-12
 25		 88			 0.8 		1.06526e-15		-6.26886e-11		1.06526e-15				6.26863e-11

Temp	Width			V(gate)		I(Vd)				I(Vg)				I(Vs)					I(Vb)
 25		 110			 0.0 		1.49139e-45		6.14801e-45		1.49084e-45				-9.13024e-45
 25		 110			 0.1 		4.68451e-18		-6.49102e-17		4.68451e-18				4.54299e-17
 25		 110			 0.2 		1.7969e-17		-1.05219e-16		1.7969e-17				6.18711e-17
 25		 110			 0.3 		4.77418e-17		-1.7486e-16		4.77418e-17				6.18484e-17
 25		 110			 0.4 		1.07465e-16		-2.59641e-16		1.07465e-16				5.98167e-17
 25		 110			 0.5 		2.1961e-16		-8.36452e-16		2.1961e-16				4.44975e-16
 25		 110			 0.6 		4.2103e-16		-2.52339e-14		4.2103e-16				2.43697e-14
 25		 110			 0.7 		7.71321e-16		-1.45048e-12		7.71321e-16				1.44887e-12
 25		 110			 0.8 		1.36572e-15		-8.03697e-11		1.36572e-15				8.0367e-11

Temp	Width			V(gate)		I(Vd)				I(Vg)				I(Vs)					I(Vb)
 25		 132			 0.0 		1.26456e-45		5.40995e-45		1.26271e-45				-7.93721e-45
 25		 132			 0.1 		5.7151e-18		-6.57302e-17		5.7151e-18				5.54244e-17
 25		 132			 0.2 		2.19222e-17		-1.3146e-16		2.19222e-17				7.54828e-17
 25		 132			 0.3 		5.8245e-17		-2.11069e-16		5.8245e-17				7.54551e-17
 25		 132			 0.4 		1.31108e-16		-3.85929e-16		1.31108e-16				7.29764e-17
 25		 132			 0.5 		2.67924e-16		-1.10707e-15		2.67924e-16				5.4287e-16
 25		 132			 0.6 		5.13657e-16		-3.0735e-14		5.13657e-16				2.97311e-14
 25		 132			 0.7 		9.41012e-16		-1.76947e-12		9.41012e-16				1.76763e-12
 25		 132			 0.8 		1.66618e-15		-9.80511e-11		1.66618e-15				9.80478e-11

Temp	Width			V(gate)		I(Vd)				I(Vg)				I(Vs)					I(Vb)
 25		 154			 0.0 		5.28644e-46		2.32945e-45		5.28662e-46				-3.38676e-45
 25		 154			 0.1 		6.74569e-18		-8.38885e-17		6.74569e-18				6.5419e-17
 25		 154			 0.2 		2.58754e-17		-1.67777e-16		2.58754e-17				8.90944e-17
 25		 154			 0.3 		6.87482e-17		-2.21612e-16		6.87482e-17				8.90617e-17
 25		 154			 0.4 		1.5475e-16		-4.05844e-16		1.5475e-16				8.61361e-17
 25		 154			 0.5 		3.16238e-16		-1.26522e-15		3.16238e-16				6.40765e-16
 25		 154			 0.6 		6.06284e-16		-3.63207e-14		6.06284e-16				3.50924e-14
 25		 154			 0.7 		1.1107e-15		-2.08862e-12		1.1107e-15				2.08638e-12
 25		 154			 0.8 		1.96664e-15		-1.15732e-10		1.96664e-15				1.15729e-10

Temp	Width			V(gate)		I(Vd)				I(Vg)				I(Vs)					I(Vb)
 25		 176			 0.0 		-9.57677e-46		-4.30676e-45		-9.59497e-46				6.22394e-45
 25		 176			 0.1 		7.77629e-18		-1.0242e-16		7.77629e-18				7.54136e-17
 25		 176			 0.2 		2.98286e-17		-1.74087e-16		2.98286e-17				1.02706e-16
 25		 176			 0.3 		7.92514e-17		-2.68819e-16		7.92514e-17				1.02668e-16
 25		 176			 0.4 		1.78392e-16		-4.71182e-16		1.78392e-16				9.92958e-17
 25		 176			 0.5 		3.64552e-16		-1.47609e-15		3.64552e-16				7.38659e-16
 25		 176			 0.6 		6.9891e-16		-4.18127e-14		6.9891e-16				4.04538e-14
 25		 176			 0.7 		1.28039e-15		-2.40767e-12		1.28039e-15				2.40513e-12
 25		 176			 0.8 		2.2671e-15		-1.33414e-10		2.2671e-15				1.33409e-10

