
25 2.2E-08 1.88281E-17 3.74661E-17 0 3.74661E-17 1.76E-07 3.74661E-17 0 1.88281E-17 0
25 2.2E-08 7.4761E-14 7.29566E-14 0 7.29566E-14 2.2E-08 7.29566E-14 0 7.4761E-14 0
25 2.2E-08 1.28296E-14 1.68123E-14 0 1.68123E-14 4.4E-08 1.68123E-14 0 1.28296E-14 0
25 2.2E-08 1.55597E-15 2.42979E-15 0 2.42979E-15 6.6E-08 2.42979E-15 0 1.55597E-15 0
25 2.2E-08 4.13798E-16 7.18247E-16 0 7.18247E-16 8.8E-08 7.18247E-16 0 4.13798E-16 0
25 2.2E-08 6.18845E-17 1.2802E-16 0 1.2802E-16 1.32E-07 1.2802E-16 0 6.18845E-17 0
25 2.2E-08 6.78868E-18 3.60858E-17 0 3.60858E-17 1.76E-07 3.60858E-17 0 6.78868E-18 0
25 4.4E-08 9.14186E-14 1.57285E-13 0 1.57285E-13 1.76E-07 1.57285E-13 0 9.14186E-14 0
25 4.4E-08 -8.47716E-18 -9.55253E-18 0 -9.55253E-18 2.2E-08 -9.55253E-18 0 -8.47716E-18 0
25 4.4E-08 4.58859E-12 5.03209E-12 0 5.03209E-12 4.4E-08 5.03209E-12 0 4.58859E-12 0
25 4.4E-08 1.1496E-12 1.47731E-12 0 1.47731E-12 6.6E-08 1.47731E-12 0 1.1496E-12 0
25 4.4E-08 5.10711E-13 7.1874E-13 0 7.1874E-13 8.8E-08 7.1874E-13 0 5.10711E-13 0
25 4.4E-08 1.83697E-13 2.91271E-13 0 2.91271E-13 1.32E-07 2.91271E-13 0 1.83697E-13 0
25 4.4E-08 9.14283E-14 1.57291E-13 0 1.57291E-13 1.76E-07 1.57291E-13 0 9.14283E-14 0
25 6.6E-08 -7.10119E-19 -1.10425E-18 0 -1.10425E-18 1.76E-07 -1.10425E-18 0 -7.10119E-19 0
25 6.6E-08 -7.46863E-18 -1.01577E-18 0 -1.01577E-18 2.2E-08 -1.01577E-18 0 -7.46863E-18 0
25 6.6E-08 -9.59486E-18 -9.21563E-18 0 -9.21563E-18 4.4E-08 -9.21563E-18 0 -9.59486E-18 0
25 6.6E-08 -5.10164E-18 -5.59136E-18 0 -5.59136E-18 6.6E-08 -5.59136E-18 0 -5.10164E-18 0
25 6.6E-08 6.53574E-18 4.89337E-18 0 4.89337E-18 8.8E-08 4.89337E-18 0 6.53574E-18 0
25 6.6E-08 -1.19864E-18 6.38424E-19 0 6.38424E-19 1.32E-07 6.38424E-19 0 -1.19864E-18 0
25 6.6E-08 -1.11789E-18 1.06389E-18 0 1.06389E-18 1.76E-07 1.06389E-18 0 -1.11789E-18 0
25 8.8E-08 2.29532E-18 2.38564E-18 0 2.38564E-18 1.76E-07 2.38564E-18 0 2.29532E-18 0
25 8.8E-08 2.67163E-17 3.24797E-17 0 3.24797E-17 2.2E-08 3.24797E-17 0 2.67163E-17 0
25 8.8E-08 1.52233E-17 3.01697E-18 0 3.01697E-18 4.4E-08 3.01697E-18 0 1.52233E-17 0
25 8.8E-08 8.47655E-18 2.5423E-18 0 2.5423E-18 6.6E-08 2.5423E-18 0 8.47655E-18 0
25 8.8E-08 -5.38767E-18 -4.27307E-18 0 -4.27307E-18 8.8E-08 -4.27307E-18 0 -5.38767E-18 0
25 8.8E-08 2.59834E-18 -2.86296E-18 0 -2.86296E-18 1.32E-07 -2.86296E-18 0 2.59834E-18 0
25 8.8E-08 -7.50641E-18 -5.58694E-18 0 -5.58694E-18 1.76E-07 -5.58694E-18 0 -7.50641E-18 0
25 1.32E-07 4.21649E-18 4.4025E-18 0 4.4025E-18 1.76E-07 4.4025E-18 0 4.21649E-18 0
25 1.32E-07 2.9905E-16 3.81762E-16 0 3.81762E-16 2.2E-08 3.81762E-16 0 2.9905E-16 0
25 1.32E-07 1.02465E-16 1.09649E-16 0 1.09649E-16 4.4E-08 1.09649E-16 0 1.02465E-16 0
25 1.32E-07 1.71156E-17 1.10966E-17 0 1.10966E-17 6.6E-08 1.10966E-17 0 1.71156E-17 0
25 1.32E-07 1.06766E-17 5.28736E-18 0 5.28736E-18 8.8E-08 5.28736E-18 0 1.06766E-17 0
25 1.32E-07 -3.29999E-18 -4.0172E-18 0 -4.0172E-18 1.32E-07 -4.0172E-18 0 -3.29999E-18 0
25 1.32E-07 -1.75624E-18 -1.76721E-18 0 -1.76721E-18 1.76E-07 -1.76721E-18 0 -1.75624E-18 0
25 1.76E-07 1.14676E-17 2.62502E-18 0 2.62502E-18 1.76E-07 2.62502E-18 0 1.14676E-17 0
25 1.76E-07 7.01389E-16 9.02004E-16 0 9.02004E-16 2.2E-08 9.02004E-16 0 7.01389E-16 0
25 1.76E-07 2.7131E-16 3.11448E-16 0 3.11448E-16 4.4E-08 3.11448E-16 0 2.7131E-16 0
25 1.76E-07 6.78954E-17 6.36444E-17 0 6.36444E-17 6.6E-08 6.36444E-17 0 6.78954E-17 0
25 1.76E-07 3.25683E-17 2.51641E-17 0 2.51641E-17 8.8E-08 2.51641E-17 0 3.25683E-17 0
25 1.76E-07 2.278E-17 1.57904E-17 0 1.57904E-17 1.32E-07 1.57904E-17 0 2.278E-17 0
25 1.76E-07 1.35046E-17 1.12248E-17 0 1.12248E-17 1.76E-07 1.12248E-17 0 1.35046E-17 0
