
25 2.2E-08 0.05 0.663328 0.8 0.8 0.8 0.05 0.8 0.663328 9.07379E-12 -1.58459E-16 -1.58459E-16 -9.07364E-12 8.88178E-18 8.45596E-18
25 2.2E-08 0.1 0.672767 0.8 0.8 0.8 0.1 0.8 0.672767 8.40733E-12 -1.58459E-16 -6.5049E-16 -8.40717E-12 5.88418E-17 2.25352E-18
25 2.2E-08 0.15 0.681968 0.8 0.8 0.8 0.15 0.8 0.681968 7.79828E-12 -1.58459E-16 -6.5049E-16 -7.79815E-12 5.88418E-17 -3.0836E-18
25 2.2E-08 0.2 0.690991 0.8 0.8 0.8 0.2 0.8 0.690991 7.23624E-12 -1.58459E-16 -1.58459E-16 -7.23613E-12 5.88418E-17 -5.93156E-18
25 2.2E-08 0.25 0.699888 0.8 0.8 0.8 0.25 0.8 0.699888 6.71245E-12 -1.58459E-16 -1.58459E-16 -6.71236E-12 5.88418E-17 -1.15499E-17
25 2.2E-08 0.3 0.708693 0.8 0.8 0.8 0.3 0.8 0.708693 6.21955E-12 -1.58459E-16 -1.58459E-16 -6.21948E-12 5.88418E-17 -1.9748E-17
25 2.2E-08 0.35 0.717421 0.8 0.8 0.8 0.35 0.8 0.717421 5.75112E-12 -1.58459E-16 -1.58459E-16 -5.75104E-12 5.88418E-17 2.73133E-18
25 2.2E-08 0.4 0.726063 0.8 0.8 0.8 0.4 0.8 0.726063 5.30077E-12 -1.58459E-16 -1.58459E-16 -5.30072E-12 5.88418E-17 -2.50107E-17
25 2.2E-08 0.45 0.734587 0.8 0.8 0.8 0.45 0.8 0.734587 4.86156E-12 -1.58459E-16 -1.58459E-16 -4.86148E-12 5.88418E-17 3.36177E-18
25 2.2E-08 0.5 0.742934 0.8 0.8 0.8 0.5 0.8 0.742934 4.42513E-12 -1.58459E-16 -1.58459E-16 -4.42507E-12 5.88418E-17 -5.9755E-18
25 2.2E-08 0.55 0.75102 0.8 0.8 0.8 0.55 0.8 0.75102 3.98245E-12 -1.58459E-16 -1.58459E-16 -3.98238E-12 5.88418E-17 -1.30003E-18
25 2.2E-08 0.6 0.758748 0.8 0.8 0.8 0.6 0.8 0.758748 3.52528E-12 -1.58459E-16 -1.58459E-16 -3.52524E-12 5.88418E-17 -3.29843E-17
25 2.2E-08 0.65 0.766053 0.8 0.8 0.8 0.65 0.8 0.766053 3.04754E-12 -1.58459E-16 -1.58459E-16 -3.04754E-12 8.88178E-18 -1.50476E-17
25 2.2E-08 0.7 0.773123 0.8 0.8 0.8 0.7 0.8 0.773123 2.53106E-12 -1.58459E-16 -1.58459E-16 -2.531E-12 3.66374E-17 1.62441E-17
25 2.2E-08 0.75 0.782066 0.8 0.8 0.8 0.75 0.8 0.782066 1.78968E-12 -1.58459E-16 -1.58459E-16 -1.78962E-12 3.10862E-17 1.80259E-17
25 2.2E-08 0.8 0.8 0.8 0.8 0.8 0.8 0.8 0.8 2.60525E-17 -1.58459E-16 -1.58459E-16 5.71388E-17 3.10862E-17 5.2105E-17
