
25 2.2E-08 0.01 0 0 0.01 0 1.26392E-15 -2.52592E-15 1.26392E-15 1.44925E-18
25 2.2E-08 0.02 0 0 0.02 0 2.31438E-15 -4.6367E-15 2.31438E-15 3.00352E-18
25 2.2E-08 0.03 0 0 0.03 0 3.16264E-15 -6.31001E-15 3.16264E-15 4.6677E-18
25 2.2E-08 0.04 0 0 0.04 0 3.81955E-15 -7.61279E-15 3.81955E-15 6.44683E-18
25 2.2E-08 0.05 0 0 0.05 0 4.29559E-15 -8.65119E-15 4.29559E-15 8.34614E-18
25 2.2E-08 0.06 0 0 0.06 0 4.60089E-15 -9.26206E-15 4.60089E-15 1.0371E-17
25 2.2E-08 0.07 0 0 0.07 0 4.74528E-15 -9.47315E-15 4.74528E-15 1.25271E-17
25 2.2E-08 0.08 0 0 0.08 0 4.7383E-15 -9.44423E-15 4.7383E-15 1.48202E-17
25 2.2E-08 0.09 0 0 0.09 0 4.58937E-15 -9.16329E-15 4.58937E-15 1.72563E-17
25 2.2E-08 0.1 0 0 0.1 0 4.3079E-15 -8.69784E-15 4.3079E-15 1.98415E-17
25 2.2E-08 0.11 0 0 0.11 0 3.90367E-15 -7.86936E-15 3.90367E-15 2.25825E-17
25 2.2E-08 0.12 0 0 0.12 0 3.38763E-15 -6.85038E-15 3.38763E-15 2.54858E-17
25 2.2E-08 0.13 0 0 0.13 0 2.77419E-15 -5.70839E-15 2.77419E-15 2.85585E-17
25 2.2E-08 0.14 0 0 0.14 0 2.08882E-15 -4.19737E-15 2.08882E-15 3.18077E-17
25 2.2E-08 0.15 0 0 0.15 0 1.40278E-15 -2.68636E-15 1.40278E-15 3.52411E-17
25 2.2E-08 0.16 0 0 0.16 0 1.0132E-15 -2.0364E-15 1.0132E-15 3.88664E-17
25 2.2E-08 0.17 0 0 0.17 0 1.47409E-15 -3.09656E-15 1.47409E-15 4.26921E-17
25 2.2E-08 0.18 0 0 0.18 0 2.52549E-15 -5.02976E-15 2.52549E-15 4.67269E-17
25 2.2E-08 0.19 0 0 0.19 0 3.86874E-15 -7.70101E-15 3.86874E-15 5.098E-17
25 2.2E-08 0.2 0 0 0.2 0 5.43849E-15 -1.08523E-14 5.43849E-15 5.54615E-17
25 2.2E-08 0.21 0 0 0.21 0 7.22385E-15 -1.45076E-14 7.22385E-15 6.0182E-17
25 2.2E-08 0.22 0 0 0.22 0 9.22739E-15 -1.84089E-14 9.22739E-15 6.51533E-17
25 2.2E-08 0.23 0 0 0.23 0 1.14563E-14 -2.30483E-14 1.14563E-14 7.03883E-17
25 2.2E-08 0.24 0 0 0.24 0 1.39198E-14 -2.79217E-14 1.39198E-14 7.59014E-17
25 2.2E-08 0.25 0 0 0.25 0 1.66282E-14 -3.33111E-14 1.66282E-14 8.17089E-17
25 2.2E-08 0.26 0 0 0.26 0 1.9593E-14 -3.91686E-14 1.9593E-14 8.78298E-17
25 2.2E-08 0.27 0 0 0.27 0 2.28258E-14 -4.5665E-14 2.28258E-14 9.42858E-17
25 2.2E-08 0.28 0 0 0.28 0 2.63394E-14 -5.28756E-14 2.63394E-14 1.01103E-16
25 2.2E-08 0.29 0 0 0.29 0 3.01469E-14 -6.03321E-14 3.01469E-14 1.08312E-16
25 2.2E-08 0.3 0 0 0.3 0 3.42621E-14 -6.85507E-14 3.42621E-14 1.15951E-16
25 2.2E-08 0.31 0 0 0.31 0 3.86994E-14 -7.77294E-14 3.86994E-14 1.24063E-16
25 2.2E-08 0.32 0 0 0.32 0 4.34743E-14 -8.71541E-14 4.34743E-14 1.32706E-16
25 2.2E-08 0.33 0 0 0.33 0 4.86029E-14 -9.70948E-14 4.86029E-14 1.41946E-16
25 2.2E-08 0.34 0 0 0.34 0 5.41027E-14 -1.08488E-13 5.41027E-14 1.51866E-16
25 2.2E-08 0.35 0 0 0.35 0 5.99925E-14 -1.20126E-13 5.99925E-14 1.62569E-16
25 2.2E-08 0.36 0 0 0.36 0 6.62934E-14 -1.32527E-13 6.62934E-14 1.74181E-16
25 2.2E-08 0.37 0 0 0.37 0 7.30288E-14 -1.46134E-13 7.30288E-14 1.86854E-16
25 2.2E-08 0.38 0 0 0.38 0 8.02262E-14 -1.60725E-13 8.02262E-14 2.00779E-16
25 2.2E-08 0.39 0 0 0.39 0 8.79184E-14 -1.76078E-13 8.79184E-14 2.16184E-16
25 2.2E-08 0.4 0 0 0.4 0 9.6146E-14 -1.92637E-13 9.6146E-14 2.33352E-16
25 2.2E-08 0.41 0 0 0.41 0 1.04961E-13 -2.10181E-13 1.04961E-13 2.52624E-16
25 2.2E-08 0.42 0 0 0.42 0 1.14431E-13 -2.28978E-13 1.14431E-13 2.74414E-16
25 2.2E-08 0.43 0 0 0.43 0 1.24646E-13 -2.49965E-13 1.24646E-13 2.99227E-16
25 2.2E-08 0.44 0 0 0.44 0 1.35729E-13 -2.71691E-13 1.35729E-13 3.27673E-16
25 2.2E-08 0.45 0 0 0.45 0 1.47842E-13 -2.96146E-13 1.47842E-13 3.60489E-16
25 2.2E-08 0.46 0 0 0.46 0 1.61198E-13 -3.2257E-13 1.61198E-13 3.98571E-16
25 2.2E-08 0.47 0 0 0.47 0 1.76067E-13 -3.52168E-13 1.76067E-13 4.43001E-16
25 2.2E-08 0.48 0 0 0.48 0 1.92769E-13 -3.85948E-13 1.92769E-13 4.9509E-16
25 2.2E-08 0.49 0 0 0.49 0 2.11655E-13 -4.23911E-13 2.11655E-13 5.56424E-16
25 2.2E-08 0.5 0 0 0.5 0 2.33068E-13 -4.66595E-13 2.33068E-13 6.28925E-16
25 2.2E-08 0.51 0 0 0.51 0 2.57295E-13 -5.15628E-13 2.57295E-13 7.14922E-16
25 2.2E-08 0.52 0 0 0.52 0 2.84535E-13 -5.69828E-13 2.84535E-13 8.17235E-16
25 2.2E-08 0.53 0 0 0.53 0 3.14879E-13 -6.30916E-13 3.14879E-13 9.3928E-16
25 2.2E-08 0.54 0 0 0.54 0 3.48338E-13 -6.97908E-13 3.48338E-13 1.08519E-15
25 2.2E-08 0.55 0 0 0.55 0 3.84869E-13 -7.70361E-13 3.84869E-13 1.25998E-15
25 2.2E-08 0.56 0 0 0.56 0 4.24418E-13 -8.50638E-13 4.24418E-13 1.4697E-15
25 2.2E-08 0.57 0 0 0.57 0 4.66942E-13 -9.35343E-13 4.66942E-13 1.72168E-15
25 2.2E-08 0.58 0 0 0.58 0 5.12426E-13 -1.02694E-12 5.12426E-13 2.02476E-15
25 2.2E-08 0.59 0 0 0.59 0 5.60881E-13 -1.12443E-12 5.60881E-13 2.38965E-15
25 2.2E-08 0.6 0 0 0.6 0 6.12351E-13 -1.22784E-12 6.12351E-13 2.82925E-15
25 2.2E-08 0.61 0 0 0.61 0 6.66901E-13 -1.33719E-12 6.66901E-13 3.35913E-15
25 2.2E-08 0.62 0 0 0.62 0 7.24615E-13 -1.45339E-12 7.24615E-13 3.99805E-15
25 2.2E-08 0.63 0 0 0.63 0 7.85595E-13 -1.57647E-12 7.85595E-13 4.76862E-15
25 2.2E-08 0.64 0 0 0.64 0 8.49953E-13 -1.70497E-12 8.49953E-13 5.69807E-15
25 2.2E-08 0.65 0 0 0.65 0 9.17813E-13 -1.84281E-12 9.17813E-13 6.81917E-15
25 2.2E-08 0.66 0 0 0.66 0 9.89304E-13 -1.98612E-12 9.89304E-13 8.17132E-15
25 2.2E-08 0.67 0 0 0.67 0 1.06456E-12 -2.13823E-12 1.06456E-12 9.80193E-15
25 2.2E-08 0.68 0 0 0.68 0 1.14374E-12 -2.29969E-12 1.14374E-12 1.17679E-14
25 2.2E-08 0.69 0 0 0.69 0 1.22697E-12 -2.46804E-12 1.22697E-12 1.41378E-14
25 2.2E-08 0.7 0 0 0.7 0 1.31442E-12 -2.64574E-12 1.31442E-12 1.69936E-14
25 2.2E-08 0.71 0 0 0.71 0 1.40625E-12 -2.83279E-12 1.40625E-12 2.04341E-14
25 2.2E-08 0.72 0 0 0.72 0 1.50262E-12 -3.02923E-12 1.50262E-12 2.45777E-14
25 2.2E-08 0.73 0 0 0.73 0 1.6037E-12 -3.23695E-12 1.6037E-12 2.95664E-14
25 2.2E-08 0.74 0 0 0.74 0 1.70967E-12 -3.45499E-12 1.70967E-12 3.55705E-14
25 2.2E-08 0.75 0 0 0.75 0 1.8207E-12 -3.68436E-12 1.8207E-12 4.27945E-14
25 2.2E-08 0.76 0 0 0.76 0 1.937E-12 -3.92503E-12 1.937E-12 5.14831E-14
25 2.2E-08 0.77 0 0 0.77 0 2.05874E-12 -4.17949E-12 2.05874E-12 6.19298E-14
25 2.2E-08 0.78 0 0 0.78 0 2.18613E-12 -4.4463E-12 2.18613E-12 7.44861E-14
25 2.2E-08 0.79 0 0 0.79 0 2.31937E-12 -4.72831E-12 2.31937E-12 8.9573E-14
25 2.2E-08 0.8 0 0 0.8 0 2.45869E-12 -5.02458E-12 2.45869E-12 1.07695E-13
