
25 2.2E-08 0.01 0.01 0 0 0 -3.64032E-12 1.48906E-15 3.63883E-12 7.87558E-19
25 2.2E-08 0.02 0.02 0 0 0 -6.64856E-12 3.21538E-15 6.64534E-12 1.32153E-18
25 2.2E-08 0.03 0.03 0 0 0 -9.06434E-12 5.19153E-15 9.05915E-12 1.68382E-18
25 2.2E-08 0.04 0.04 0 0 0 -1.0997E-11 7.43059E-15 1.09895E-11 1.92994E-18
25 2.2E-08 0.05 0.05 0 0 0 -1.25943E-11 9.94608E-15 1.25843E-11 2.09749E-18
25 2.2E-08 0.06 0.06 0 0 0 -1.39958E-11 1.27521E-14 1.39831E-11 2.21193E-18
25 2.2E-08 0.07 0.07 0 0 0 -1.53047E-11 1.58632E-14 1.52889E-11 2.29051E-18
25 2.2E-08 0.08 0.08 0 0 0 -1.65875E-11 1.92945E-14 1.65682E-11 2.34492E-18
25 2.2E-08 0.09 0.09 0 0 0 -1.78851E-11 2.30617E-14 1.78621E-11 2.38309E-18
25 2.2E-08 0.1 0.1 0 0 0 -1.92238E-11 2.71812E-14 1.91966E-11 2.41041E-18
25 2.2E-08 0.11 0.11 0 0 0 -2.06212E-11 3.16697E-14 2.05895E-11 2.43054E-18
25 2.2E-08 0.12 0.12 0 0 0 -2.20904E-11 3.65449E-14 2.20539E-11 2.44599E-18
25 2.2E-08 0.13 0.13 0 0 0 -2.36422E-11 4.18248E-14 2.36004E-11 2.45845E-18
25 2.2E-08 0.14 0.14 0 0 0 -2.5286E-11 4.75283E-14 2.52385E-11 2.46912E-18
25 2.2E-08 0.15 0.15 0 0 0 -2.70305E-11 5.36748E-14 2.69768E-11 2.4788E-18
25 2.2E-08 0.16 0.16 0 0 0 -2.88842E-11 6.02847E-14 2.8824E-11 2.48806E-18
25 2.2E-08 0.17 0.17 0 0 0 -3.08559E-11 6.73787E-14 3.07885E-11 2.49733E-18
25 2.2E-08 0.18 0.18 0 0 0 -3.29541E-11 7.49786E-14 3.28791E-11 2.5069E-18
25 2.2E-08 0.19 0.19 0 0 0 -3.51881E-11 8.31069E-14 3.5105E-11 2.51701E-18
25 2.2E-08 0.2 0.2 0 0 0 -3.75675E-11 9.17868E-14 3.74757E-11 2.52785E-18
25 2.2E-08 0.21 0.21 0 0 0 -4.01021E-11 1.01042E-13 4.00011E-11 2.53957E-18
25 2.2E-08 0.22 0.22 0 0 0 -4.28027E-11 1.10899E-13 4.26918E-11 2.55232E-18
25 2.2E-08 0.23 0.23 0 0 0 -4.56805E-11 1.21382E-13 4.55591E-11 2.56623E-18
25 2.2E-08 0.24 0.24 0 0 0 -4.87473E-11 1.32518E-13 4.86148E-11 2.58143E-18
25 2.2E-08 0.25 0.25 0 0 0 -5.20158E-11 1.44334E-13 5.18715E-11 2.59805E-18
25 2.2E-08 0.26 0.26 0 0 0 -5.54995E-11 1.56861E-13 5.53426E-11 2.61624E-18
25 2.2E-08 0.27 0.27 0 0 0 -5.92126E-11 1.70126E-13 5.90424E-11 2.63613E-18
25 2.2E-08 0.28 0.28 0 0 0 -6.31703E-11 1.84162E-13 6.29861E-11 2.65788E-18
25 2.2E-08 0.29 0.29 0 0 0 -6.73888E-11 1.98999E-13 6.71898E-11 2.68165E-18
25 2.2E-08 0.3 0.3 0 0 0 -7.18854E-11 2.1467E-13 7.16707E-11 2.70761E-18
25 2.2E-08 0.31 0.31 0 0 0 -7.66783E-11 2.31209E-13 7.64471E-11 2.73596E-18
25 2.2E-08 0.32 0.32 0 0 0 -8.17871E-11 2.48652E-13 8.15385E-11 2.76689E-18
25 2.2E-08 0.33 0.33 0 0 0 -8.72327E-11 2.67034E-13 8.69656E-11 2.80064E-18
25 2.2E-08 0.34 0.34 0 0 0 -9.30371E-11 2.86393E-13 9.27507E-11 2.83742E-18
25 2.2E-08 0.35 0.35 0 0 0 -9.9224E-11 3.06768E-13 9.89172E-11 2.87749E-18
25 2.2E-08 0.36 0.36 0 0 0 -1.05819E-10 3.28199E-13 1.0549E-10 2.92114E-18
25 2.2E-08 0.37 0.37 0 0 0 -1.12848E-10 3.50728E-13 1.12497E-10 2.96865E-18
25 2.2E-08 0.38 0.38 0 0 0 -1.2034E-10 3.74396E-13 1.19966E-10 3.02035E-18
25 2.2E-08 0.39 0.39 0 0 0 -1.28326E-10 3.99249E-13 1.27927E-10 3.07658E-18
25 2.2E-08 0.4 0.4 0 0 0 -1.36838E-10 4.25332E-13 1.36412E-10 3.1377E-18
25 2.2E-08 0.41 0.41 0 0 0 -1.45911E-10 4.52692E-13 1.45458E-10 3.20413E-18
25 2.2E-08 0.42 0.42 0 0 0 -1.55582E-10 4.81379E-13 1.551E-10 3.27629E-18
25 2.2E-08 0.43 0.43 0 0 0 -1.6589E-10 5.11442E-13 1.65379E-10 3.35465E-18
25 2.2E-08 0.44 0.44 0 0 0 -1.76879E-10 5.42933E-13 1.76336E-10 3.43971E-18
25 2.2E-08 0.45 0.45 0 0 0 -1.88592E-10 5.75908E-13 1.88017E-10 3.532E-18
25 2.2E-08 0.46 0.46 0 0 0 -2.01079E-10 6.1042E-13 2.00469E-10 3.63212E-18
25 2.2E-08 0.47 0.47 0 0 0 -2.14391E-10 6.46527E-13 2.13744E-10 3.74068E-18
25 2.2E-08 0.48 0.48 0 0 0 -2.28583E-10 6.84289E-13 2.27898E-10 3.85836E-18
25 2.2E-08 0.49 0.49 0 0 0 -2.43714E-10 7.23766E-13 2.4299E-10 3.98589E-18
25 2.2E-08 0.5 0.5 0 0 0 -2.59847E-10 7.65022E-13 2.59082E-10 4.12405E-18
25 2.2E-08 0.51 0.51 0 0 0 -2.7705E-10 8.08122E-13 2.76242E-10 4.27368E-18
25 2.2E-08 0.52 0.52 0 0 0 -2.95395E-10 8.53133E-13 2.94542E-10 4.43568E-18
25 2.2E-08 0.53 0.53 0 0 0 -3.1496E-10 9.00125E-13 3.14059E-10 4.61103E-18
25 2.2E-08 0.54 0.54 0 0 0 -3.35827E-10 9.49169E-13 3.34878E-10 4.80078E-18
25 2.2E-08 0.55 0.55 0 0 0 -3.58086E-10 1.00034E-12 3.57086E-10 5.00605E-18
25 2.2E-08 0.56 0.56 0 0 0 -3.81833E-10 1.05371E-12 3.80779E-10 5.22805E-18
25 2.2E-08 0.57 0.57 0 0 0 -4.07168E-10 1.10937E-12 4.06059E-10 5.46809E-18
25 2.2E-08 0.58 0.58 0 0 0 -4.34203E-10 1.16738E-12 4.33036E-10 5.72756E-18
25 2.2E-08 0.59 0.59 0 0 0 -4.63055E-10 1.22785E-12 4.61827E-10 6.00797E-18
25 2.2E-08 0.6 0.6 0 0 0 -4.9385E-10 1.29084E-12 4.92559E-10 6.31094E-18
25 2.2E-08 0.61 0.61 0 0 0 -5.26724E-10 1.35646E-12 5.25368E-10 6.63819E-18
25 2.2E-08 0.62 0.62 0 0 0 -5.61822E-10 1.42479E-12 5.60398E-10 6.9916E-18
25 2.2E-08 0.63 0.63 0 0 0 -5.99302E-10 1.49593E-12 5.97806E-10 7.37316E-18
25 2.2E-08 0.64 0.64 0 0 0 -6.3933E-10 1.56998E-12 6.3776E-10 7.78503E-18
25 2.2E-08 0.65 0.65 0 0 0 -6.82088E-10 1.64703E-12 6.80441E-10 8.22952E-18
25 2.2E-08 0.66 0.66 0 0 0 -7.2777E-10 1.7272E-12 7.26043E-10 8.7091E-18
25 2.2E-08 0.67 0.67 0 0 0 -7.76584E-10 1.81058E-12 7.74773E-10 9.22643E-18
25 2.2E-08 0.68 0.68 0 0 0 -8.28754E-10 1.8973E-12 8.26857E-10 9.78437E-18
25 2.2E-08 0.69 0.69 0 0 0 -8.84522E-10 1.98746E-12 8.82535E-10 1.0386E-17
25 2.2E-08 0.7 0.7 0 0 0 -9.44147E-10 2.08118E-12 9.42066E-10 1.10345E-17
25 2.2E-08 0.71 0.71 0 0 0 -1.00791E-09 2.17858E-12 1.00573E-09 1.17335E-17
25 2.2E-08 0.72 0.72 0 0 0 -1.0761E-09 2.27979E-12 1.07382E-09 1.24868E-17
25 2.2E-08 0.73 0.73 0 0 0 -1.14906E-09 2.38493E-12 1.14668E-09 1.32984E-17
25 2.2E-08 0.74 0.74 0 0 0 -1.22712E-09 2.49415E-12 1.22463E-09 1.41726E-17
25 2.2E-08 0.75 0.75 0 0 0 -1.31066E-09 2.60757E-12 1.30806E-09 1.5114E-17
25 2.2E-08 0.76 0.76 0 0 0 -1.40009E-09 2.72534E-12 1.39736E-09 1.61278E-17
25 2.2E-08 0.77 0.77 0 0 0 -1.49583E-09 2.8476E-12 1.49298E-09 1.72191E-17
25 2.2E-08 0.78 0.78 0 0 0 -1.59835E-09 2.9745E-12 1.59537E-09 1.83937E-17
25 2.2E-08 0.79 0.79 0 0 0 -1.70815E-09 3.1062E-12 1.70505E-09 1.96578E-17
25 2.2E-08 0.8 0.8 0 0 0 -1.82578E-09 3.24285E-12 1.82254E-09 2.10179E-17
