
25 2.2E-08 0.01 0 0.01 0 0.8 1.67461E-14 7.05967E-16 -1.67412E-14 -6.90559E-16
25 2.2E-08 0.02 0 0.02 0 0.8 4.51361E-14 7.05996E-16 -4.51313E-14 -6.90559E-16
25 2.2E-08 0.03 0 0.03 0 0.8 9.06329E-14 7.0602E-16 -9.06281E-14 -6.90559E-16
25 2.2E-08 0.04 0 0.04 0 0.8 1.61212E-13 7.06041E-16 -1.61207E-13 -6.90559E-16
25 2.2E-08 0.05 0 0.05 0 0.8 2.69113E-13 7.06058E-16 -2.69108E-13 -6.90559E-16
25 2.2E-08 0.06 0 0.06 0 0.8 4.33545E-13 7.06073E-16 -4.3354E-13 -6.90559E-16
25 2.2E-08 0.07 0 0.07 0 0.8 6.84452E-13 7.06086E-16 -6.84448E-13 -6.90559E-16
25 2.2E-08 0.08 0 0.08 0 0.8 1.06791E-12 7.06096E-16 -1.0679E-12 -6.90559E-16
25 2.2E-08 0.09 0 0.09 0 0.8 1.65426E-12 7.06105E-16 -1.65426E-12 -6.90559E-16
25 2.2E-08 0.1 0 0.1 0 0.8 2.55058E-12 7.06113E-16 -2.55057E-12 -6.90559E-16
25 2.2E-08 0.11 0 0.11 0 0.8 3.91952E-12 7.06121E-16 -3.91951E-12 -6.90559E-16
25 2.2E-08 0.12 0 0.12 0 0.8 6.00784E-12 7.0613E-16 -6.00784E-12 -6.90559E-16
25 2.2E-08 0.13 0 0.13 0 0.8 9.18927E-12 7.0614E-16 -9.18927E-12 -6.90559E-16
25 2.2E-08 0.14 0 0.14 0 0.8 1.40286E-11 7.06155E-16 -1.40286E-11 -6.90559E-16
25 2.2E-08 0.15 0 0.15 0 0.8 2.13777E-11 7.06178E-16 -2.13777E-11 -6.90559E-16
25 2.2E-08 0.16 0 0.16 0 0.8 3.25175E-11 7.06217E-16 -3.25175E-11 -6.90559E-16
25 2.2E-08 0.17 0 0.17 0 0.8 4.93693E-11 7.06285E-16 -4.93693E-11 -6.90559E-16
25 2.2E-08 0.18 0 0.18 0 0.8 7.4804E-11 7.06388E-16 -7.4804E-11 -6.90559E-16
25 2.2E-08 0.19 0 0.19 0 0.8 1.13095E-10 7.06532E-16 -1.13095E-10 -6.90559E-16
25 2.2E-08 0.2 0 0.2 0 0.8 1.70575E-10 7.06734E-16 -1.70575E-10 -6.90559E-16
25 2.2E-08 0.21 0 0.21 0 0.8 2.56581E-10 7.07019E-16 -2.56581E-10 -6.90559E-16
25 2.2E-08 0.22 0 0.22 0 0.8 3.84797E-10 7.07424E-16 -3.84797E-10 -6.90559E-16
25 2.2E-08 0.23 0 0.23 0 0.8 5.75149E-10 7.08001E-16 -5.75148E-10 -6.90559E-16
25 2.2E-08 0.24 0 0.24 0 0.8 8.56447E-10 7.08825E-16 -8.56447E-10 -7.12763E-16
25 2.2E-08 0.25 0 0.25 0 0.8 1.27002E-09 7.10001E-16 -1.27002E-09 -7.12763E-16
25 2.2E-08 0.26 0 0.26 0 0.8 1.87468E-09 7.11673E-16 -1.87468E-09 -7.12763E-16
25 2.2E-08 0.27 0 0.27 0 0.8 2.75336E-09 7.14042E-16 -2.75336E-09 -7.12763E-16
25 2.2E-08 0.28 0 0.28 0 0.8 4.02207E-09 7.17375E-16 -4.02207E-09 -6.90559E-16
25 2.2E-08 0.29 0 0.29 0 0.8 5.84174E-09 7.2203E-16 -5.84174E-09 -7.12763E-16
25 2.2E-08 0.3 0 0.3 0 0.8 8.43384E-09 7.28476E-16 -8.43384E-09 -7.12763E-16
25 2.2E-08 0.31 0 0.31 0 0.8 1.2101E-08 7.37315E-16 -1.2101E-08 -7.57172E-16
25 2.2E-08 0.32 0 0.32 0 0.8 1.72538E-08 7.49315E-16 -1.72538E-08 -7.57172E-16
25 2.2E-08 0.33 0 0.33 0 0.8 2.4445E-08 7.65434E-16 -2.4445E-08 -9.01501E-16
25 2.2E-08 0.34 0 0.34 0 0.8 3.44114E-08 7.86857E-16 -3.44114E-08 -9.4591E-16
25 2.2E-08 0.35 0 0.35 0 0.8 4.81224E-08 8.15041E-16 -4.81224E-08 -9.68114E-16
25 2.2E-08 0.36 0 0.36 0 0.8 6.683E-08 8.51763E-16 -6.683E-08 -1.13465E-15
25 2.2E-08 0.37 0 0.37 0 0.8 9.21118E-08 8.99191E-16 -9.21118E-08 -1.30118E-15
25 2.2E-08 0.38 0 0.38 0 0.8 1.25894E-07 9.5997E-16 -1.25894E-07 -1.53433E-15
25 2.2E-08 0.39 0 0.39 0 0.8 1.70439E-07 1.03734E-15 -1.70439E-07 -1.78968E-15
25 2.2E-08 0.4 0 0.4 0 0.8 2.28286E-07 1.13526E-15 -2.28286E-07 -2.21156E-15
25 2.2E-08 0.41 0 0.41 0 0.8 3.02133E-07 1.25863E-15 -3.02133E-07 -2.60014E-15
25 2.2E-08 0.42 0 0.42 0 0.8 3.94686E-07 1.41347E-15 -3.94686E-07 -3.23297E-15
25 2.2E-08 0.43 0 0.43 0 0.8 5.08468E-07 1.60723E-15 -5.08468E-07 -4.03233E-15
25 2.2E-08 0.44 0 0.44 0 0.8 6.45646E-07 1.84908E-15 -6.45646E-07 -4.8983E-15
25 2.2E-08 0.45 0 0.45 0 0.8 8.07886E-07 2.15033E-15 -8.07886E-07 -6.01963E-15
25 2.2E-08 0.46 0 0.46 0 0.8 9.96269E-07 2.52493E-15 -9.96269E-07 -7.32969E-15
25 2.2E-08 0.47 0 0.47 0 0.8 1.21127E-06 2.99001E-15 -1.21127E-06 -8.79519E-15
25 2.2E-08 0.48 0 0.48 0 0.8 1.45279E-06 3.56662E-15 -1.45279E-06 -1.05493E-14
25 2.2E-08 0.49 0 0.49 0 0.8 1.72024E-06 4.28058E-15 -1.72024E-06 -1.25588E-14
25 2.2E-08 0.5 0 0.5 0 0.8 2.01264E-06 5.16354E-15 -2.01264E-06 -1.49236E-14
25 2.2E-08 0.51 0 0.51 0 0.8 2.32877E-06 6.25431E-15 -2.32877E-06 -1.75659E-14
25 2.2E-08 0.52 0 0.52 0 0.8 2.6672E-06 7.60041E-15 -2.6672E-06 -2.05747E-14
25 2.2E-08 0.53 0 0.53 0 0.8 3.02644E-06 9.26002E-15 -3.02644E-06 -2.40163E-14
25 2.2E-08 0.54 0 0.54 0 0.8 3.40501E-06 1.13044E-14 -3.40501E-06 -2.78688E-14
25 2.2E-08 0.55 0 0.55 0 0.8 3.80144E-06 1.38206E-14 -3.80144E-06 -3.23319E-14
25 2.2E-08 0.56 0 0.56 0 0.8 4.21436E-06 1.69154E-14 -4.21436E-06 -3.745E-14
25 2.2E-08 0.57 0 0.57 0 0.8 4.64248E-06 2.07192E-14 -4.64248E-06 -4.34119E-14
25 2.2E-08 0.58 0 0.58 0 0.8 5.08463E-06 2.53916E-14 -5.08463E-06 -5.03064E-14
25 2.2E-08 0.59 0 0.59 0 0.8 5.53973E-06 3.11275E-14 -5.53973E-06 -5.83777E-14
25 2.2E-08 0.6 0 0.6 0 0.8 6.00683E-06 3.81656E-14 -6.00683E-06 -6.77258E-14
25 2.2E-08 0.61 0 0.61 0 0.8 6.48505E-06 4.67971E-14 -6.48505E-06 -7.87281E-14
25 2.2E-08 0.62 0 0.62 0 0.8 6.9736E-06 5.73781E-14 -6.9736E-06 -9.17955E-14
25 2.2E-08 0.63 0 0.63 0 0.8 7.47178E-06 7.03434E-14 -7.47178E-06 -1.07294E-13
25 2.2E-08 0.64 0 0.64 0 0.8 7.97896E-06 8.62236E-14 -7.97896E-06 -1.25757E-13
25 2.2E-08 0.65 0 0.65 0 0.8 8.49458E-06 1.05666E-13 -8.49458E-06 -1.47917E-13
25 2.2E-08 0.66 0 0.66 0 0.8 9.01811E-06 1.29461E-13 -9.01811E-06 -1.74396E-13
25 2.2E-08 0.67 0 0.67 0 0.8 9.54909E-06 1.58569E-13 -9.54909E-06 -2.06326E-13
25 2.2E-08 0.68 0 0.68 0 0.8 1.00871E-05 1.94164E-13 -1.00871E-05 -2.44773E-13
25 2.2E-08 0.69 0 0.69 0 0.8 1.06317E-05 2.37671E-13 -1.06317E-05 -2.91147E-13
25 2.2E-08 0.7 0 0.7 0 0.8 1.11827E-05 2.90823E-13 -1.11827E-05 -3.47291E-13
25 2.2E-08 0.71 0 0.71 0 0.8 1.17396E-05 3.55727E-13 -1.17396E-05 -4.15237E-13
25 2.2E-08 0.72 0 0.72 0 0.8 1.23021E-05 4.34937E-13 -1.23021E-05 -4.97438E-13
25 2.2E-08 0.73 0 0.73 0 0.8 1.28701E-05 5.31548E-13 -1.28701E-05 -5.97169E-13
25 2.2E-08 0.74 0 0.74 0 0.8 1.34431E-05 6.49304E-13 -1.34431E-05 -7.1815E-13
25 2.2E-08 0.75 0 0.75 0 0.8 1.40211E-05 7.92727E-13 -1.40211E-05 -8.64816E-13
25 2.2E-08 0.76 0 0.76 0 0.8 1.46037E-05 9.67268E-13 -1.46037E-05 -1.04261E-12
25 2.2E-08 0.77 0 0.77 0 0.8 1.51908E-05 1.17948E-12 -1.51908E-05 -1.25816E-12
25 2.2E-08 0.78 0 0.78 0 0.8 1.57821E-05 1.43723E-12 -1.57821E-05 -1.51929E-12
25 2.2E-08 0.79 0 0.79 0 0.8 1.63775E-05 1.74992E-12 -1.63775E-05 -1.83548E-12
25 2.2E-08 0.8 0 0.8 0 0.8 1.69768E-05 2.12876E-12 -1.69768E-05 -2.21774E-12
