
25 4.4E-08 0.01 0 0 0.01 0 3.5811E-15 -7.16349E-15 3.5811E-15 4.1062E-18
25 4.4E-08 0.02 0 0 0.02 0 6.5574E-15 -1.312E-14 6.5574E-15 8.50998E-18
25 4.4E-08 0.03 0 0 0.03 0 8.9608E-15 -1.79313E-14 8.9608E-15 1.32252E-17
25 4.4E-08 0.04 0 0 0.04 0 1.0822E-14 -2.16733E-14 1.0822E-14 1.8266E-17
25 4.4E-08 0.05 0 0 0.05 0 1.21708E-14 -2.43912E-14 1.21708E-14 2.36474E-17
25 4.4E-08 0.06 0 0 0.06 0 1.30359E-14 -2.60959E-14 1.30359E-14 2.93846E-17
25 4.4E-08 0.07 0 0 0.07 0 1.34449E-14 -2.69395E-14 1.34449E-14 3.54935E-17
25 4.4E-08 0.08 0 0 0.08 0 1.34252E-14 -2.68635E-14 1.34252E-14 4.19905E-17
25 4.4E-08 0.09 0 0 0.09 0 1.30032E-14 -2.60465E-14 1.30032E-14 4.88927E-17
25 4.4E-08 0.1 0 0 0.1 0 1.22057E-14 -2.44914E-14 1.22057E-14 5.62177E-17
25 4.4E-08 0.11 0 0 0.11 0 1.10604E-14 -2.21706E-14 1.10604E-14 6.39838E-17
25 4.4E-08 0.12 0 0 0.12 0 9.59829E-15 -1.93239E-14 9.59829E-15 7.22099E-17
25 4.4E-08 0.13 0 0 0.13 0 7.8602E-15 -1.58315E-14 7.8602E-15 8.09157E-17
25 4.4E-08 0.14 0 0 0.14 0 5.91832E-15 -1.19393E-14 5.91832E-15 9.01218E-17
25 4.4E-08 0.15 0 0 0.15 0 3.97453E-15 -8.1086E-15 3.97453E-15 9.98497E-17
25 4.4E-08 0.16 0 0 0.16 0 2.87072E-15 -5.877E-15 2.87072E-15 1.10122E-16
25 4.4E-08 0.17 0 0 0.17 0 4.17659E-15 -8.43671E-15 4.17659E-15 1.20961E-16
25 4.4E-08 0.18 0 0 0.18 0 7.15557E-15 -1.43851E-14 7.15557E-15 1.32393E-16
25 4.4E-08 0.19 0 0 0.19 0 1.09614E-14 -2.19941E-14 1.09614E-14 1.44443E-16
25 4.4E-08 0.2 0 0 0.2 0 1.5409E-14 -3.10117E-14 1.5409E-14 1.57141E-16
25 4.4E-08 0.21 0 0 0.21 0 2.04676E-14 -4.10809E-14 2.04676E-14 1.70516E-16
25 4.4E-08 0.22 0 0 0.22 0 2.61443E-14 -5.24417E-14 2.61443E-14 1.84601E-16
25 4.4E-08 0.23 0 0 0.23 0 3.24595E-14 -6.5094E-14 3.24595E-14 1.99433E-16
25 4.4E-08 0.24 0 0 0.24 0 3.94393E-14 -7.90319E-14 3.94393E-14 2.15054E-16
25 4.4E-08 0.25 0 0 0.25 0 4.71134E-14 -9.45194E-14 4.71134E-14 2.31509E-16
25 4.4E-08 0.26 0 0 0.26 0 5.55134E-14 -1.11348E-13 5.55134E-14 2.48851E-16
25 4.4E-08 0.27 0 0 0.27 0 6.46732E-14 -1.29603E-13 6.46732E-14 2.67143E-16
25 4.4E-08 0.28 0 0 0.28 0 7.46284E-14 -1.49691E-13 7.46284E-14 2.86459E-16
25 4.4E-08 0.29 0 0 0.29 0 8.54162E-14 -1.71133E-13 8.54162E-14 3.06884E-16
25 4.4E-08 0.3 0 0 0.3 0 9.70758E-14 -1.94431E-13 9.70758E-14 3.28527E-16
25 4.4E-08 0.31 0 0 0.31 0 1.09648E-13 -2.19686E-13 1.09648E-13 3.51513E-16
25 4.4E-08 0.32 0 0 0.32 0 1.23177E-13 -2.46786E-13 1.23177E-13 3.76E-16
25 4.4E-08 0.33 0 0 0.33 0 1.37708E-13 -2.75743E-13 1.37708E-13 4.0218E-16
25 4.4E-08 0.34 0 0 0.34 0 1.53291E-13 -3.06902E-13 1.53291E-13 4.30287E-16
25 4.4E-08 0.35 0 0 0.35 0 1.69979E-13 -3.40398E-13 1.69979E-13 4.60613E-16
25 4.4E-08 0.36 0 0 0.36 0 1.87831E-13 -3.76243E-13 1.87831E-13 4.93512E-16
25 4.4E-08 0.37 0 0 0.37 0 2.06915E-13 -4.1429E-13 2.06915E-13 5.2942E-16
25 4.4E-08 0.38 0 0 0.38 0 2.27307E-13 -4.55167E-13 2.27307E-13 5.68873E-16
25 4.4E-08 0.39 0 0 0.39 0 2.49102E-13 -4.98885E-13 2.49102E-13 6.12522E-16
25 4.4E-08 0.4 0 0 0.4 0 2.72414E-13 -5.4542E-13 2.72414E-13 6.61164E-16
25 4.4E-08 0.41 0 0 0.41 0 2.97389E-13 -5.95399E-13 2.97389E-13 7.15767E-16
25 4.4E-08 0.42 0 0 0.42 0 3.2422E-13 -6.4908E-13 3.2422E-13 7.77507E-16
25 4.4E-08 0.43 0 0 0.43 0 3.53164E-13 -7.07301E-13 3.53164E-13 8.47811E-16
25 4.4E-08 0.44 0 0 0.44 0 3.84566E-13 -7.70196E-13 3.84566E-13 9.28406E-16
25 4.4E-08 0.45 0 0 0.45 0 4.18886E-13 -8.38761E-13 4.18886E-13 1.02139E-15
25 4.4E-08 0.46 0 0 0.46 0 4.56729E-13 -9.14461E-13 4.56729E-13 1.12929E-15
25 4.4E-08 0.47 0 0 0.47 0 4.98857E-13 -9.99005E-13 4.98857E-13 1.25517E-15
25 4.4E-08 0.48 0 0 0.48 0 5.4618E-13 -1.09388E-12 5.4618E-13 1.40275E-15
25 4.4E-08 0.49 0 0 0.49 0 5.9969E-13 -1.20094E-12 5.9969E-13 1.57653E-15
25 4.4E-08 0.5 0 0 0.5 0 6.60358E-13 -1.32228E-12 6.60358E-13 1.78195E-15
25 4.4E-08 0.51 0 0 0.51 0 7.29003E-13 -1.46009E-12 7.29003E-13 2.02561E-15
25 4.4E-08 0.52 0 0 0.52 0 8.06181E-13 -1.61463E-12 8.06181E-13 2.3155E-15
25 4.4E-08 0.53 0 0 0.53 0 8.92158E-13 -1.78688E-12 8.92158E-13 2.66129E-15
25 4.4E-08 0.54 0 0 0.54 0 9.86958E-13 -1.97708E-12 9.86958E-13 3.07471E-15
25 4.4E-08 0.55 0 0 0.55 0 1.09046E-12 -2.18429E-12 1.09046E-12 3.56994E-15
25 4.4E-08 0.56 0 0 0.56 0 1.20252E-12 -2.40919E-12 1.20252E-12 4.16415E-15
25 4.4E-08 0.57 0 0 0.57 0 1.323E-12 -2.65081E-12 1.323E-12 4.87808E-15
25 4.4E-08 0.58 0 0 0.58 0 1.45187E-12 -2.90966E-12 1.45187E-12 5.73683E-15
25 4.4E-08 0.59 0 0 0.59 0 1.58916E-12 -3.18523E-12 1.58916E-12 6.77069E-15
25 4.4E-08 0.6 0 0 0.6 0 1.73499E-12 -3.47828E-12 1.73499E-12 8.01622E-15
25 4.4E-08 0.61 0 0 0.61 0 1.88955E-12 -3.78856E-12 1.88955E-12 9.51753E-15
25 4.4E-08 0.62 0 0 0.62 0 2.05308E-12 -4.11728E-12 2.05308E-12 1.13278E-14
25 4.4E-08 0.63 0 0 0.63 0 2.22585E-12 -4.46493E-12 2.22585E-12 1.35111E-14
25 4.4E-08 0.64 0 0 0.64 0 2.4082E-12 -4.83252E-12 2.4082E-12 1.61445E-14
25 4.4E-08 0.65 0 0 0.65 0 2.60047E-12 -5.22028E-12 2.60047E-12 1.9321E-14
25 4.4E-08 0.66 0 0 0.66 0 2.80303E-12 -5.62922E-12 2.80303E-12 2.31521E-14
25 4.4E-08 0.67 0 0 0.67 0 3.01627E-12 -6.06027E-12 3.01627E-12 2.77721E-14
25 4.4E-08 0.68 0 0 0.68 0 3.24059E-12 -6.51446E-12 3.24059E-12 3.33425E-14
25 4.4E-08 0.69 0 0 0.69 0 3.47642E-12 -6.99299E-12 3.47642E-12 4.0057E-14
25 4.4E-08 0.7 0 0 0.7 0 3.7242E-12 -7.49663E-12 3.7242E-12 4.81486E-14
25 4.4E-08 0.71 0 0 0.71 0 3.98438E-12 -8.02658E-12 3.98438E-12 5.78967E-14
25 4.4E-08 0.72 0 0 0.72 0 4.25742E-12 -8.58411E-12 4.25742E-12 6.96368E-14
25 4.4E-08 0.73 0 0 0.73 0 4.54382E-12 -9.17114E-12 4.54382E-12 8.37714E-14
25 4.4E-08 0.74 0 0 0.74 0 4.84406E-12 -9.78868E-12 4.84406E-12 1.00783E-13
25 4.4E-08 0.75 0 0 0.75 0 5.15866E-12 -1.04387E-11 5.15866E-12 1.21251E-13
25 4.4E-08 0.76 0 0 0.76 0 5.48816E-12 -1.11222E-11 5.48816E-12 1.45869E-13
25 4.4E-08 0.77 0 0 0.77 0 5.83309E-12 -1.18418E-11 5.83309E-12 1.75468E-13
25 4.4E-08 0.78 0 0 0.78 0 6.19403E-12 -1.25991E-11 6.19403E-12 2.11044E-13
25 4.4E-08 0.79 0 0 0.79 0 6.57156E-12 -1.33967E-11 6.57156E-12 2.5379E-13
25 4.4E-08 0.8 0 0 0.8 0 6.96629E-12 -1.42376E-11 6.96629E-12 3.05135E-13
