
25 0 0.01 0 0.01 0.8 0.01 9.18001E-17 -1.85829E-11 1.85829E-11 1.85829E-11
25 0 0.02 0 0.02 0.8 0.02 9.27304E-17 -1.2548E-11 1.25479E-11 1.25478E-11
25 0 0.03 0 0.03 0.8 0.03 9.33619E-17 -8.43015E-12 8.42986E-12 8.42979E-12
25 0 0.04 0 0.04 0.8 0.04 9.37912E-17 -5.64349E-12 5.6433E-12 5.64323E-12
25 0 0.05 0 0.05 0.8 0.05 9.40842E-17 -3.76899E-12 3.76871E-12 3.76865E-12
25 0 0.06 0 0.06 0.8 0.06 9.42856E-17 -2.51243E-12 2.5127E-12 2.51263E-12
25 0 0.07 0 0.07 0.8 0.07 9.44262E-17 -1.67333E-12 1.67345E-12 1.67339E-12
25 0 0.08 0 0.08 0.8 0.08 9.45272E-17 -1.11355E-12 1.11371E-12 1.11365E-12
25 0 0.09 0 0.09 0.8 0.09 9.46038E-17 -7.40963E-13 7.4084E-13 7.40789E-13
25 0 0.1 0 0.1 0.8 0.1 9.46675E-17 -4.92717E-13 4.9266E-13 4.92613E-13
25 0 0.11 0 0.11 0.8 0.11 9.47272E-17 -3.27738E-13 3.27553E-13 3.27509E-13
25 0 0.12 0 0.12 0.8 0.12 9.47913E-17 -2.17604E-13 2.1776E-13 2.17718E-13
25 0 0.13 0 0.13 0.8 0.13 9.48684E-17 -1.44995E-13 1.44746E-13 1.44707E-13
25 0 0.14 0 0.14 0.8 0.14 9.49683E-17 -9.63674E-14 9.62229E-14 9.61869E-14
25 0 0.15 0 0.15 0.8 0.15 9.51039E-17 -6.39488E-14 6.3944E-14 6.39107E-14
25 0 0.16 0 0.16 0.8 0.16 9.52922E-17 -4.28546E-14 4.25038E-14 4.2473E-14
25 0 0.17 0 0.17 0.8 0.17 9.55567E-17 -2.86438E-14 2.82628E-14 2.82344E-14
25 0 0.18 0 0.18 0.8 0.18 9.59306E-17 -1.88738E-14 1.87819E-14 1.87558E-14
25 0 0.19 0 0.19 0.8 0.19 9.64603E-17 -1.24345E-14 1.24928E-14 1.24692E-14
25 0 0.2 0 0.2 0.8 0.2 9.72118E-17 -8.65974E-15 8.28526E-15 8.26422E-15
25 0 0.21 0 0.21 0.8 0.21 9.82785E-17 -5.32907E-15 5.52775E-15 5.50948E-15
25 0 0.22 0 0.22 0.8 0.22 9.97929E-17 -3.77476E-15 3.67196E-15 3.6568E-15
25 0 0.23 0 0.23 0.8 0.23 1.01943E-16 -2.44249E-15 2.44708E-15 2.43555E-15
25 0 0.24 0 0.24 0.8 0.24 1.04995E-16 -1.77636E-15 1.60302E-15 1.59595E-15
25 0 0.25 0 0.25 0.8 0.25 1.09329E-16 -1.33227E-15 1.08389E-15 1.08247E-15
25 0 0.26 0 0.26 0.8 0.26 1.1548E-16 -8.88178E-16 7.15686E-16 7.21645E-16
25 0 0.27 0 0.27 0.8 0.27 1.24212E-16 -6.66134E-16 4.83756E-16 4.996E-16
25 0 0.28 0 0.28 0.8 0.28 1.36605E-16 -4.44089E-16 2.82933E-16 3.1225E-16
25 0 0.29 0 0.29 0.8 0.29 1.54194E-16 -4.44089E-16 1.88007E-16 2.35922E-16
25 0 0.3 0 0.3 0.8 0.3 1.79157E-16 -2.22045E-16 5.10778E-17 1.249E-16
25 0 0.31 0 0.31 0.8 0.31 2.14582E-16 -2.22045E-16 -1.99234E-17 9.02056E-17
25 0 0.32 0 0.32 0.8 0.32 2.64854E-16 -2.22045E-16 -1.05711E-16 5.55112E-17
25 0 0.33 0 0.33 0.8 0.33 3.36189E-16 -2.22045E-16 -1.77814E-16 5.55112E-17
25 0 0.34 0 0.34 0.8 0.34 4.37411E-16 -2.22045E-16 -3.21384E-16 1.38778E-17
25 0 0.35 0 0.35 0.8 0.35 5.8104E-16 -2.22045E-16 -4.518E-16 2.77556E-17
25 0 0.36 0 0.36 0.8 0.36 7.84836E-16 0 -6.97848E-16 -1.38778E-17
25 0 0.37 0 0.37 0.8 0.37 1.074E-15 -2.22045E-16 -9.73712E-16 0
25 0 0.38 0 0.38 0.8 0.38 1.48431E-15 -2.22045E-16 -1.38455E-15 0
25 0 0.39 0 0.39 0.8 0.39 2.0665E-15 -2.22045E-16 -1.93948E-15 2.77556E-17
25 0 0.4 0 0.4 0.8 0.4 2.89263E-15 2.22045E-16 -2.77995E-15 1.38778E-17
25 0 0.41 0 0.41 0.8 0.41 4.06496E-15 2.22045E-16 -3.9527E-15 1.38778E-17
25 0 0.42 0 0.42 0.8 0.42 5.72868E-15 2.22045E-16 -5.64456E-15 -1.38778E-17
25 0 0.43 0 0.43 0.8 0.43 8.08996E-15 2.22045E-16 -7.96457E-15 2.77556E-17
25 0 0.44 0 0.44 0.8 0.44 1.14416E-14 2.22045E-16 -1.13443E-14 0
25 0 0.45 0 0.45 0.8 0.45 1.61998E-14 2.22045E-16 -1.61306E-14 -2.77556E-17
25 0 0.46 0 0.46 0.8 0.46 2.29558E-14 2.22045E-16 -2.28313E-14 2.77556E-17
25 0 0.47 0 0.47 0.8 0.47 3.25502E-14 2.22045E-16 -3.24815E-14 -2.77556E-17
25 0 0.48 0 0.48 0.8 0.48 4.61786E-14 2.22045E-16 -4.61101E-14 -2.77556E-17
25 0 0.49 0 0.49 0.8 0.49 6.5542E-14 2.22045E-16 -6.54738E-14 -2.77556E-17
25 0 0.5 0 0.5 0.8 0.5 9.3062E-14 2.22045E-16 -9.29662E-14 0
25 0 0.51 0 0.51 0.8 0.51 1.32187E-13 2.22045E-16 -1.32064E-13 2.77556E-17
25 0 0.52 0 0.52 0.8 0.52 1.87831E-13 2.22045E-16 -1.87749E-13 -1.38778E-17
25 0 0.53 0 0.53 0.8 0.53 2.67E-13 2.22045E-16 -2.66904E-13 0
25 0 0.54 0 0.54 0.8 0.54 3.79688E-13 2.22045E-16 -3.79565E-13 2.77556E-17
25 0 0.55 0 0.55 0.8 0.55 5.40164E-13 2.22045E-16 -5.40055E-13 1.38778E-17
25 0 0.56 0 0.56 0.8 0.56 7.68807E-13 2.22045E-16 -7.68726E-13 -1.38778E-17
25 0 0.57 0 0.57 0.8 0.57 1.09475E-12 2.22045E-16 -1.09466E-12 0
25 0 0.58 0 0.58 0.8 0.58 1.55967E-12 2.22045E-16 -1.55957E-12 0
25 0 0.59 0 0.59 0.8 0.59 2.2232E-12 2.22045E-16 -2.22308E-12 2.77556E-17
25 0 0.6 0 0.6 0.8 0.6 3.1708E-12 2.22045E-16 -3.17066E-12 4.16334E-17
25 0 0.61 0 0.61 0.8 0.61 4.52493E-12 2.22045E-16 -4.52482E-12 1.38778E-17
25 0 0.62 0 0.62 0.8 0.62 6.46125E-12 2.22045E-16 -6.46117E-12 -1.38778E-17
25 0 0.63 0 0.63 0.8 0.63 9.23189E-12 2.22045E-16 -9.23177E-12 2.77556E-17
25 0 0.64 0 0.64 0.8 0.64 1.31989E-11 2.22045E-16 -1.31988E-11 -2.77556E-17
25 0 0.65 0 0.65 0.8 0.65 1.88825E-11 2.22045E-16 -1.88824E-11 -2.77556E-17
25 0 0.66 0 0.66 0.8 0.66 2.70303E-11 2.22045E-16 -2.70302E-11 0
25 0 0.67 0 0.67 0.8 0.67 3.87177E-11 2.22045E-16 -3.87175E-11 2.77556E-17
25 0 0.68 0 0.68 0.8 0.68 5.54908E-11 2.22045E-16 -5.54907E-11 0
25 0 0.69 0 0.69 0.8 0.69 7.95736E-11 2.22045E-16 -7.95735E-11 2.77556E-17
25 0 0.7 0 0.7 0.8 0.7 1.14165E-10 2.22045E-16 -1.14164E-10 0
25 0 0.71 0 0.71 0.8 0.71 1.63862E-10 2.22045E-16 -1.63862E-10 -2.77556E-17
25 0 0.72 0 0.72 0.8 0.72 2.35273E-10 -2.22045E-16 -2.35273E-10 -8.32667E-17
25 0 0.73 0 0.73 0.8 0.73 3.37885E-10 -2.22045E-16 -3.37885E-10 0
25 0 0.74 0 0.74 0.8 0.74 4.85304E-10 -2.22045E-16 -4.85303E-10 0
25 0 0.75 0 0.75 0.8 0.75 6.97016E-10 -2.22045E-16 -6.97016E-10 2.77556E-17
25 0 0.76 0 0.76 0.8 0.76 1.00088E-09 0 -1.00088E-09 0
25 0 0.77 0 0.77 0.8 0.77 1.43665E-09 0 -1.43665E-09 0
25 0 0.78 0 0.78 0.8 0.78 2.06087E-09 0 -2.06087E-09 -2.77556E-17
25 0 0.79 0 0.79 0.8 0.79 2.95375E-09 0 -2.95375E-09 0
25 0 0.8 0 0.8 0.8 0.8 4.22869E-09 0 -4.22869E-09 -8.32667E-17
