
25 6.6E-08 0.01 0.8 0.8 0.01 0.8 -4.41279E-16 4.8681E-13 -4.41277E-16 -4.85936E-13
25 6.6E-08 0.02 0.8 0.8 0.02 0.8 -4.11106E-16 4.04325E-13 -4.11103E-16 -4.03524E-13
25 6.6E-08 0.03 0.8 0.8 0.03 0.8 -3.82675E-16 3.35723E-13 -3.82705E-16 -3.34923E-13
25 6.6E-08 0.04 0.8 0.8 0.04 0.8 -3.55931E-16 2.78712E-13 -3.55934E-16 -2.78035E-13
25 6.6E-08 0.05 0.8 0.8 0.05 0.8 -3.30753E-16 2.31322E-13 -3.30742E-16 -2.30629E-13
25 6.6E-08 0.06 0.8 0.8 0.06 0.8 -3.0705E-16 1.91948E-13 -3.07052E-16 -1.91338E-13
25 6.6E-08 0.07 0.8 0.8 0.07 0.8 -2.84781E-16 1.5924E-13 -2.84774E-16 -1.58664E-13
25 6.6E-08 0.08 0.8 0.8 0.08 0.8 -2.63843E-16 1.32084E-13 -2.63836E-16 -1.31575E-13
25 6.6E-08 0.09 0.8 0.8 0.09 0.8 -2.44174E-16 1.09569E-13 -2.44176E-16 -1.09071E-13
25 6.6E-08 0.1 0.8 0.8 0.1 0.8 -2.25719E-16 9.084E-14 -2.25714E-16 -9.04188E-14
25 6.6E-08 0.11 0.8 0.8 0.11 0.8 -2.08391E-16 7.53497E-14 -2.0839E-16 -7.49423E-14
25 6.6E-08 0.12 0.8 0.8 0.12 0.8 -1.92156E-16 6.24703E-14 -1.92167E-16 -6.20859E-14
25 6.6E-08 0.13 0.8 0.8 0.13 0.8 -1.76958E-16 5.17773E-14 -1.76948E-16 -5.14278E-14
25 6.6E-08 0.14 0.8 0.8 0.14 0.8 -1.62706E-16 4.29705E-14 -1.62715E-16 -4.25904E-14
25 6.6E-08 0.15 0.8 0.8 0.15 0.8 -1.49397E-16 3.56807E-14 -1.49391E-16 -3.53739E-14
25 6.6E-08 0.16 0.8 0.8 0.16 0.8 -1.36933E-16 2.95932E-14 -1.36932E-16 -2.93454E-14
25 6.6E-08 0.17 0.8 0.8 0.17 0.8 -1.25308E-16 2.45586E-14 -1.25318E-16 -2.43161E-14
25 6.6E-08 0.18 0.8 0.8 0.18 0.8 -1.14433E-16 2.0426E-14 -1.14448E-16 -2.02305E-14
25 6.6E-08 0.19 0.8 0.8 0.19 0.8 -1.04309E-16 1.69905E-14 -1.04318E-16 -1.67666E-14
25 6.6E-08 0.2 0.8 0.8 0.2 0.8 -9.48761E-17 1.417E-14 -9.48783E-17 -1.39355E-14
25 6.6E-08 0.21 0.8 0.8 0.21 0.8 -8.61167E-17 1.1786E-14 -8.61037E-17 -1.16041E-14
25 6.6E-08 0.22 0.8 0.8 0.22 0.8 -7.79526E-17 9.82656E-15 -7.79379E-17 -9.66116E-15
25 6.6E-08 0.23 0.8 0.8 0.23 0.8 -7.03648E-17 8.19514E-15 -7.03646E-17 -8.09575E-15
25 6.6E-08 0.24 0.8 0.8 0.24 0.8 -6.33392E-17 6.89173E-15 -6.33414E-17 -6.78568E-15
25 6.6E-08 0.25 0.8 0.8 0.25 0.8 -5.68362E-17 5.76685E-15 -5.68462E-17 -5.66436E-15
25 6.6E-08 0.26 0.8 0.8 0.26 0.8 -5.08376E-17 4.89997E-15 -5.08365E-17 -4.77618E-15
25 6.6E-08 0.27 0.8 0.8 0.27 0.8 -4.53112E-17 4.0886E-15 -4.53152E-17 -4.05453E-15
25 6.6E-08 0.28 0.8 0.8 0.28 0.8 -4.02481E-17 3.52324E-15 -4.02503E-17 -3.42171E-15
25 6.6E-08 0.29 0.8 0.8 0.29 0.8 -3.56251E-17 3.03989E-15 -3.56257E-17 -2.95541E-15
25 6.6E-08 0.3 0.8 0.8 0.3 0.8 -3.14356E-17 2.55654E-15 -3.14352E-17 -2.51132E-15
25 6.6E-08 0.31 0.8 0.8 0.31 0.8 -2.76697E-17 2.31921E-15 -2.76676E-17 -2.13385E-15
25 6.6E-08 0.32 0.8 0.8 0.32 0.8 -2.43189E-17 1.86235E-15 -2.43192E-17 -1.8785E-15
25 6.6E-08 0.33 0.8 0.8 0.33 0.8 -2.13715E-17 1.54301E-15 -2.13722E-17 -1.60094E-15
25 6.6E-08 0.34 0.8 0.8 0.34 0.8 -1.88027E-17 1.44319E-15 -1.88053E-17 -1.36779E-15
25 6.6E-08 0.35 0.8 0.8 0.35 0.8 -1.65866E-17 1.17684E-15 -1.65872E-17 -1.20126E-15
25 6.6E-08 0.36 0.8 0.8 0.36 0.8 -1.46817E-17 1.02151E-15 -1.46841E-17 -1.07914E-15
25 6.6E-08 0.37 0.8 0.8 0.37 0.8 -1.30392E-17 9.48181E-16 -1.30411E-17 -9.68114E-16
25 6.6E-08 0.38 0.8 0.8 0.38 0.8 -1.16254E-17 8.74856E-16 -1.16237E-17 -8.23785E-16
25 6.6E-08 0.39 0.8 0.8 0.39 0.8 -1.03873E-17 8.01531E-16 -1.03879E-17 -7.57172E-16
25 6.6E-08 0.4 0.8 0.8 0.4 0.8 -9.29879E-18 6.462E-16 -9.29851E-18 -6.90559E-16
25 6.6E-08 0.41 0.8 0.8 0.41 0.8 -8.33108E-18 5.72875E-16 -8.33135E-18 -6.12843E-16
25 6.6E-08 0.42 0.8 0.8 0.42 0.8 -7.46317E-18 5.81555E-16 -7.46316E-18 -5.68434E-16
25 6.6E-08 0.43 0.8 0.8 0.43 0.8 -6.67951E-18 5.0823E-16 -6.67874E-18 -5.4623E-16
25 6.6E-08 0.44 0.8 0.8 0.44 0.8 -5.96779E-18 4.34905E-16 -5.96771E-18 -5.01821E-16
25 6.6E-08 0.45 0.8 0.8 0.45 0.8 -5.32001E-18 5.2559E-16 -5.31978E-18 -4.79616E-16
25 6.6E-08 0.46 0.8 0.8 0.46 0.8 -4.72906E-18 5.3427E-16 -4.72903E-18 -4.57412E-16
25 6.6E-08 0.47 0.8 0.8 0.47 0.8 -4.18953E-18 5.4295E-16 -4.18954E-18 -3.57492E-16
25 6.6E-08 0.48 0.8 0.8 0.48 0.8 -3.69672E-18 2.76597E-16 -3.69665E-18 -3.13083E-16
25 6.6E-08 0.49 0.8 0.8 0.49 0.8 -3.24689E-18 2.85277E-16 -3.24679E-18 -3.35287E-16
25 6.6E-08 0.5 0.8 0.8 0.5 0.8 -2.83699E-18 3.22974E-16 -2.83704E-18 -3.13083E-16
25 6.6E-08 0.51 0.8 0.8 0.51 0.8 -2.46394E-18 1.67644E-16 -2.46386E-18 -2.90878E-16
25 6.6E-08 0.52 0.8 0.8 0.52 0.8 -2.12495E-18 3.40334E-16 -2.12507E-18 -2.68674E-16
25 6.6E-08 0.53 0.8 0.8 0.53 0.8 -1.81783E-18 1.85004E-16 -1.81794E-18 -2.68674E-16
25 6.6E-08 0.54 0.8 0.8 0.54 0.8 -1.54059E-18 1.93683E-16 -1.54058E-18 -2.68674E-16
25 6.6E-08 0.55 0.8 0.8 0.55 0.8 -1.29087E-18 2.02363E-16 -1.29087E-18 -1.68754E-16
25 6.6E-08 0.56 0.8 0.8 0.56 0.8 -1.06695E-18 2.11043E-16 -1.06694E-18 -1.68754E-16
25 6.6E-08 0.57 0.8 0.8 0.57 0.8 -8.67054E-19 1.08701E-16 -8.67054E-19 -1.68754E-16
25 6.6E-08 0.58 0.8 0.8 0.58 0.8 -6.89589E-19 1.17381E-16 -6.89599E-19 -1.68754E-16
25 6.6E-08 0.59 0.8 0.8 0.59 0.8 -5.3313E-19 1.26061E-16 -5.33132E-19 -1.46549E-16
25 6.6E-08 0.6 0.8 0.8 0.6 0.8 -3.96415E-19 1.34741E-16 -3.96415E-19 -1.24345E-16
25 6.6E-08 0.61 0.8 0.8 0.61 0.8 -2.78557E-19 3.07431E-16 -2.78565E-19 -1.24345E-16
25 6.6E-08 0.62 0.8 0.8 0.62 0.8 -1.79722E-19 -1.19097E-17 -1.79723E-19 -1.02141E-16
25 6.6E-08 0.63 0.8 0.8 0.63 0.8 -1.03831E-19 1.6078E-16 -1.03828E-19 -1.02141E-16
25 6.6E-08 0.64 0.8 0.8 0.64 0.8 -7.10368E-20 3.33471E-16 -7.10354E-20 -1.02141E-16
25 6.6E-08 0.65 0.8 0.8 0.65 0.8 -9.8928E-20 1.7814E-16 -9.89267E-20 -5.77316E-17
25 6.6E-08 0.66 0.8 0.8 0.66 0.8 -1.48879E-19 1.8682E-16 -1.48879E-19 -7.99361E-17
25 6.6E-08 0.67 0.8 0.8 0.67 0.8 -2.00085E-19 1.955E-16 -2.00085E-19 -7.99361E-17
25 6.6E-08 0.68 0.8 0.8 0.68 0.8 -2.4734E-19 2.0418E-16 -2.4734E-19 -1.02141E-16
25 6.6E-08 0.69 0.8 0.8 0.69 0.8 -2.88584E-19 2.65848E-16 -2.88584E-19 -7.99361E-17
25 6.6E-08 0.7 0.8 0.8 0.7 0.8 -3.22485E-19 5.75297E-17 -3.22483E-19 -5.77316E-17
25 6.6E-08 0.71 0.8 0.8 0.71 0.8 -3.47908E-19 1.19198E-16 -3.47908E-19 -5.77316E-17
25 6.6E-08 0.72 0.8 0.8 0.72 0.8 -3.63763E-19 7.48896E-17 -3.63763E-19 -3.55271E-17
25 6.6E-08 0.73 0.8 0.8 0.73 0.8 -3.68938E-19 1.36557E-16 -3.68937E-19 -3.55271E-17
25 6.6E-08 0.74 0.8 0.8 0.74 0.8 -3.62273E-19 9.22494E-17 -3.62273E-19 -3.55271E-17
25 6.6E-08 0.75 0.8 0.8 0.75 0.8 -3.42551E-19 -1.74103E-16 -3.42551E-19 -3.55271E-17
25 6.6E-08 0.76 0.8 0.8 0.76 0.8 -3.0848E-19 1.09609E-16 -3.0848E-19 -5.77316E-17
25 6.6E-08 0.77 0.8 0.8 0.77 0.8 -2.5869E-19 -1.56743E-16 -2.58691E-19 -3.55271E-17
25 6.6E-08 0.78 0.8 0.8 0.78 0.8 -1.91728E-19 -9.50755E-17 -1.91728E-19 -3.55271E-17
25 6.6E-08 0.79 0.8 0.8 0.79 0.8 -1.06045E-19 -1.39383E-16 -1.06045E-19 -1.33227E-17
25 6.6E-08 0.8 0.8 0.8 0.8 0.8 3.80864E-27 -7.77156E-17 -4.17616E-26 -1.33227E-17
