
25 0 0.01 0 0.01 0.8 0.01 1.50897E-16 -3.06071E-11 3.06072E-11 3.06071E-11
25 0 0.02 0 0.02 0.8 0.02 1.52223E-16 -2.06672E-11 2.06671E-11 2.0667E-11
25 0 0.03 0 0.03 0.8 0.03 1.53124E-16 -1.38844E-11 1.38845E-11 1.38844E-11
25 0 0.04 0 0.04 0.8 0.04 1.53736E-16 -9.29501E-12 9.29485E-12 9.29474E-12
25 0 0.05 0 0.05 0.8 0.05 1.54155E-16 -6.20726E-12 6.20729E-12 6.20719E-12
25 0 0.06 0 0.06 0.8 0.06 1.54443E-16 -4.13891E-12 4.13856E-12 4.13846E-12
25 0 0.07 0 0.07 0.8 0.07 1.54645E-16 -2.75668E-12 2.75628E-12 2.75618E-12
25 0 0.08 0 0.08 0.8 0.08 1.54792E-16 -1.83453E-12 1.83434E-12 1.83425E-12
25 0 0.09 0 0.09 0.8 0.09 1.54904E-16 -1.22036E-12 1.22021E-12 1.22013E-12
25 0 0.1 0 0.1 0.8 0.1 1.55E-16 -8.11795E-13 8.11454E-13 8.11375E-13
25 0 0.11 0 0.11 0.8 0.11 1.55092E-16 -5.3979E-13 5.39506E-13 5.39433E-13
25 0 0.12 0 0.12 0.8 0.12 1.55194E-16 -3.58824E-13 3.58663E-13 3.58595E-13
25 0 0.13 0 0.13 0.8 0.13 1.55318E-16 -2.38476E-13 2.38411E-13 2.38348E-13
25 0 0.14 0 0.14 0.8 0.14 1.55481E-16 -1.58762E-13 1.58495E-13 1.58436E-13
25 0 0.15 0 0.15 0.8 0.15 1.55703E-16 -1.05249E-13 1.05335E-13 1.0528E-13
25 0 0.16 0 0.16 0.8 0.16 1.56013E-16 -6.99441E-14 7.00296E-14 6.99787E-14
25 0 0.17 0 0.17 0.8 0.17 1.56449E-16 -4.66294E-14 4.65444E-14 4.64975E-14
25 0 0.18 0 0.18 0.8 0.18 1.57065E-16 -3.13083E-14 3.09556E-14 3.09128E-14
25 0 0.19 0 0.19 0.8 0.19 1.57939E-16 -2.06501E-14 2.0578E-14 2.05391E-14
25 0 0.2 0 0.2 0.8 0.2 1.59179E-16 -1.39888E-14 1.36557E-14 1.3621E-14
25 0 0.21 0 0.21 0.8 0.21 1.6094E-16 -9.10383E-15 9.12004E-15 9.08995E-15
25 0 0.22 0 0.22 0.8 0.22 1.63439E-16 -6.21725E-15 6.04099E-15 6.01602E-15
25 0 0.23 0 0.23 0.8 0.23 1.66987E-16 -4.21885E-15 4.0227E-15 4.00374E-15
25 0 0.24 0 0.24 0.8 0.24 1.72025E-16 -2.66454E-15 2.66921E-15 2.6576E-15
25 0 0.25 0 0.25 0.8 0.25 1.79176E-16 -2.22045E-15 1.78559E-15 1.7833E-15
25 0 0.26 0 0.26 0.8 0.26 1.89329E-16 -1.11022E-15 1.16973E-15 1.17961E-15
25 0 0.27 0 0.27 0.8 0.27 2.03739E-16 -1.11022E-15 7.579E-16 7.84095E-16
25 0 0.28 0 0.28 0.8 0.28 2.24194E-16 -6.66134E-16 4.65051E-16 5.13478E-16
25 0 0.29 0 0.29 0.8 0.29 2.53224E-16 -6.66134E-16 2.8864E-16 3.67761E-16
25 0 0.3 0 0.3 0.8 0.3 2.94425E-16 -2.22045E-16 1.07108E-16 2.28983E-16
25 0 0.31 0 0.31 0.8 0.31 3.52893E-16 -4.44089E-16 -1.38484E-18 1.80411E-16
25 0 0.32 0 0.32 0.8 0.32 4.35865E-16 -4.44089E-16 -1.551E-16 1.11022E-16
25 0 0.33 0 0.33 0.8 0.33 5.53603E-16 -4.44089E-16 -3.15735E-16 6.93889E-17
25 0 0.34 0 0.34 0.8 0.34 7.2067E-16 -2.22045E-16 -4.83979E-16 6.93889E-17
25 0 0.35 0 0.35 0.8 0.35 9.57728E-16 -4.44089E-16 -7.3601E-16 5.55112E-17
25 0 0.36 0 0.36 0.8 0.36 1.29409E-15 -2.22045E-16 -1.07339E-15 5.55112E-17
25 0 0.37 0 0.37 0.8 0.37 1.77137E-15 -4.44089E-16 -1.57937E-15 2.77556E-17
25 0 0.38 0 0.38 0.8 0.38 2.44858E-15 -2.22045E-16 -2.24358E-15 4.16334E-17
25 0 0.39 0 0.39 0.8 0.39 3.4095E-15 -2.22045E-16 -3.20532E-15 4.16334E-17
25 0 0.4 0 0.4 0.8 0.4 4.77304E-15 -2.22045E-16 -4.58349E-15 2.77556E-17
25 0 0.41 0 0.41 0.8 0.41 6.70799E-15 -2.22045E-16 -6.54689E-15 0
25 0 0.42 0 0.42 0.8 0.42 9.45399E-15 0 -9.2519E-15 4.16334E-17
25 0 0.43 0 0.43 0.8 0.43 1.33513E-14 0 -1.31637E-14 2.77556E-17
25 0 0.44 0 0.44 0.8 0.44 1.88834E-14 0 -1.86963E-14 2.77556E-17
25 0 0.45 0 0.45 0.8 0.45 2.67369E-14 0 -2.65364E-14 4.16334E-17
25 0 0.46 0 0.46 0.8 0.46 3.78877E-14 -2.22045E-16 -3.766E-14 6.93889E-17
25 0 0.47 0 0.47 0.8 0.47 5.37235E-14 -2.22045E-16 -5.3524E-14 4.16334E-17
25 0 0.48 0 0.48 0.8 0.48 7.62176E-14 -2.22045E-16 -7.60045E-14 5.55112E-17
25 0 0.49 0 0.49 0.8 0.49 1.08178E-13 -2.22045E-16 -1.08006E-13 1.38778E-17
25 0 0.5 0 0.5 0.8 0.5 1.536E-13 -2.22045E-16 -1.53415E-13 2.77556E-17
25 0 0.51 0 0.51 0.8 0.51 2.18177E-13 -2.22045E-16 -2.17993E-13 2.77556E-17
25 0 0.52 0 0.52 0.8 0.52 3.10019E-13 -2.22045E-16 -3.09876E-13 -1.38778E-17
25 0 0.53 0 0.53 0.8 0.53 4.40689E-13 -2.22045E-16 -4.40505E-13 2.77556E-17
25 0 0.54 0 0.54 0.8 0.54 6.26684E-13 -2.22045E-16 -6.26459E-13 6.93889E-17
25 0 0.55 0 0.55 0.8 0.55 8.91554E-13 0 -8.91356E-13 4.16334E-17
25 0 0.56 0 0.56 0.8 0.56 1.26894E-12 0 -1.26879E-12 -1.38778E-17
25 0 0.57 0 0.57 0.8 0.57 1.80691E-12 0 -1.80673E-12 2.77556E-17
25 0 0.58 0 0.58 0.8 0.58 2.57427E-12 0 -2.574E-12 1.11022E-16
25 0 0.59 0 0.59 0.8 0.59 3.66945E-12 0 -3.66922E-12 6.93889E-17
25 0 0.6 0 0.6 0.8 0.6 5.23348E-12 0 -5.23331E-12 1.38778E-17
25 0 0.61 0 0.61 0.8 0.61 7.46849E-12 0 -7.46833E-12 0
25 0 0.62 0 0.62 0.8 0.62 1.06644E-11 0 -1.06642E-11 2.77556E-17
25 0 0.63 0 0.63 0.8 0.63 1.52374E-11 0 -1.52371E-11 8.32667E-17
25 0 0.64 0 0.64 0.8 0.64 2.1785E-11 0 -2.17848E-11 2.77556E-17
25 0 0.65 0 0.65 0.8 0.65 3.11657E-11 -2.22045E-16 -3.11655E-11 2.77556E-17
25 0 0.66 0 0.66 0.8 0.66 4.46138E-11 -2.22045E-16 -4.46137E-11 0
25 0 0.67 0 0.67 0.8 0.67 6.39038E-11 -2.22045E-16 -6.39036E-11 2.77556E-17
25 0 0.68 0 0.68 0.8 0.68 9.15878E-11 0 -9.15876E-11 2.77556E-17
25 0 0.69 0 0.69 0.8 0.69 1.31336E-10 0 -1.31336E-10 2.77556E-17
25 0 0.7 0 0.7 0.8 0.7 1.88428E-10 0 -1.88428E-10 2.77556E-17
25 0 0.71 0 0.71 0.8 0.71 2.70453E-10 0 -2.70453E-10 2.77556E-17
25 0 0.72 0 0.72 0.8 0.72 3.88316E-10 0 -3.88316E-10 2.77556E-17
25 0 0.73 0 0.73 0.8 0.73 5.57675E-10 0 -5.57675E-10 5.55112E-17
25 0 0.74 0 0.74 0.8 0.74 8.00985E-10 0 -8.00985E-10 2.77556E-17
25 0 0.75 0 0.75 0.8 0.75 1.15041E-09 0 -1.15041E-09 0
25 0 0.76 0 0.76 0.8 0.76 1.65193E-09 0 -1.65193E-09 5.55112E-17
25 0 0.77 0 0.77 0.8 0.77 2.37114E-09 -2.22045E-16 -2.37114E-09 0
25 0 0.78 0 0.78 0.8 0.78 3.40137E-09 0 -3.40137E-09 5.55112E-17
25 0 0.79 0 0.79 0.8 0.79 4.87502E-09 0 -4.87502E-09 -2.77556E-17
25 0 0.8 0 0.8 0.8 0.8 6.97919E-09 0 -6.97919E-09 -5.55112E-17
