
25 8.8E-08 0.01 0 0 0.01 0 8.21547E-15 -1.6438E-14 8.21547E-15 9.4201E-18
25 8.8E-08 0.02 0 0 0.02 0 1.50435E-14 -3.01044E-14 1.50435E-14 1.95229E-17
25 8.8E-08 0.03 0 0 0.03 0 2.05571E-14 -4.11398E-14 2.05571E-14 3.03401E-17
25 8.8E-08 0.04 0 0 0.04 0 2.48271E-14 -4.96917E-14 2.48271E-14 4.19044E-17
25 8.8E-08 0.05 0 0 0.05 0 2.79213E-14 -5.59018E-14 2.79213E-14 5.42499E-17
25 8.8E-08 0.06 0 0 0.06 0 2.99058E-14 -5.98754E-14 2.99058E-14 6.74117E-17
25 8.8E-08 0.07 0 0 0.07 0 3.08443E-14 -6.1781E-14 3.08443E-14 8.14263E-17
25 8.8E-08 0.08 0 0 0.08 0 3.07989E-14 -6.16815E-14 3.07989E-14 9.63313E-17
25 8.8E-08 0.09 0 0 0.09 0 2.98309E-14 -5.97662E-14 2.98309E-14 1.12166E-16
25 8.8E-08 0.1 0 0 0.1 0 2.80014E-14 -5.61441E-14 2.80014E-14 1.2897E-16
25 8.8E-08 0.11 0 0 0.11 0 2.53738E-14 -5.0909E-14 2.53738E-14 1.46786E-16
25 8.8E-08 0.12 0 0 0.12 0 2.20196E-14 -4.41964E-14 2.20196E-14 1.65658E-16
25 8.8E-08 0.13 0 0 0.13 0 1.80322E-14 -3.62383E-14 1.80322E-14 1.8563E-16
25 8.8E-08 0.14 0 0 0.14 0 1.35773E-14 -2.7373E-14 1.35773E-14 2.0675E-16
25 8.8E-08 0.15 0 0 0.15 0 9.11805E-15 -1.84462E-14 9.11805E-15 2.29067E-16
25 8.8E-08 0.16 0 0 0.16 0 6.58577E-15 -1.33942E-14 6.58577E-15 2.52632E-16
25 8.8E-08 0.17 0 0 0.17 0 9.5816E-15 -1.94713E-14 9.5816E-15 2.77499E-16
25 8.8E-08 0.18 0 0 0.18 0 1.64157E-14 -3.31164E-14 1.64157E-14 3.03725E-16
25 8.8E-08 0.19 0 0 0.19 0 2.51468E-14 -5.06055E-14 2.51468E-14 3.3137E-16
25 8.8E-08 0.2 0 0 0.2 0 3.53502E-14 -7.10438E-14 3.53502E-14 3.605E-16
25 8.8E-08 0.21 0 0 0.21 0 4.6955E-14 -9.42836E-14 4.6955E-14 3.91183E-16
25 8.8E-08 0.22 0 0 0.22 0 5.9978E-14 -1.20352E-13 5.9978E-14 4.23497E-16
25 8.8E-08 0.23 0 0 0.23 0 7.44659E-14 -1.49343E-13 7.44659E-14 4.57524E-16
25 8.8E-08 0.24 0 0 0.24 0 9.04785E-14 -1.81498E-13 9.04785E-14 4.93359E-16
25 8.8E-08 0.25 0 0 0.25 0 1.08084E-13 -2.16672E-13 1.08084E-13 5.31108E-16
25 8.8E-08 0.26 0 0 0.26 0 1.27354E-13 -2.55254E-13 1.27354E-13 5.70894E-16
25 8.8E-08 0.27 0 0 0.27 0 1.48368E-13 -2.97348E-13 1.48368E-13 6.12858E-16
25 8.8E-08 0.28 0 0 0.28 0 1.71206E-13 -3.43125E-13 1.71206E-13 6.5717E-16
25 8.8E-08 0.29 0 0 0.29 0 1.95955E-13 -3.92655E-13 1.95955E-13 7.04029E-16
25 8.8E-08 0.3 0 0 0.3 0 2.22703E-13 -4.46188E-13 2.22703E-13 7.53678E-16
25 8.8E-08 0.31 0 0 0.31 0 2.51546E-13 -5.03898E-13 2.51546E-13 8.06412E-16
25 8.8E-08 0.32 0 0 0.32 0 2.82583E-13 -5.66097E-13 2.82583E-13 8.62588E-16
25 8.8E-08 0.33 0 0 0.33 0 3.15919E-13 -6.32731E-13 3.15919E-13 9.22647E-16
25 8.8E-08 0.34 0 0 0.34 0 3.51667E-13 -7.04341E-13 3.51667E-13 9.8713E-16
25 8.8E-08 0.35 0 0 0.35 0 3.89951E-13 -7.80932E-13 3.89951E-13 1.0567E-15
25 8.8E-08 0.36 0 0 0.36 0 4.30907E-13 -8.62942E-13 4.30907E-13 1.13217E-15
25 8.8E-08 0.37 0 0 0.37 0 4.74687E-13 -9.50603E-13 4.74687E-13 1.21455E-15
25 8.8E-08 0.38 0 0 0.38 0 5.2147E-13 -1.04417E-12 5.2147E-13 1.30506E-15
25 8.8E-08 0.39 0 0 0.39 0 5.71469E-13 -1.14432E-12 5.71469E-13 1.4052E-15
25 8.8E-08 0.4 0 0 0.4 0 6.24949E-13 -1.25142E-12 6.24949E-13 1.51679E-15
25 8.8E-08 0.41 0 0 0.41 0 6.82245E-13 -1.36621E-12 6.82245E-13 1.64205E-15
25 8.8E-08 0.42 0 0 0.42 0 7.43799E-13 -1.48936E-12 7.43799E-13 1.78369E-15
25 8.8E-08 0.43 0 0 0.43 0 8.102E-13 -1.62235E-12 8.102E-13 1.94498E-15
25 8.8E-08 0.44 0 0 0.44 0 8.82239E-13 -1.7666E-12 8.82239E-13 2.12987E-15
25 8.8E-08 0.45 0 0 0.45 0 9.60973E-13 -1.92426E-12 9.60973E-13 2.34318E-15
25 8.8E-08 0.46 0 0 0.46 0 1.04779E-12 -2.09815E-12 1.04779E-12 2.59071E-15
25 8.8E-08 0.47 0 0 0.47 0 1.14444E-12 -2.29166E-12 1.14444E-12 2.87951E-15
25 8.8E-08 0.48 0 0 0.48 0 1.253E-12 -2.5091E-12 1.253E-12 3.21808E-15
25 8.8E-08 0.49 0 0 0.49 0 1.37576E-12 -2.75513E-12 1.37576E-12 3.61675E-15
25 8.8E-08 0.5 0 0 0.5 0 1.51494E-12 -3.03402E-12 1.51494E-12 4.08801E-15
25 8.8E-08 0.51 0 0 0.51 0 1.67242E-12 -3.34949E-12 1.67242E-12 4.64699E-15
25 8.8E-08 0.52 0 0 0.52 0 1.84948E-12 -3.70427E-12 1.84948E-12 5.31203E-15
25 8.8E-08 0.53 0 0 0.53 0 2.04672E-12 -4.09963E-12 2.04672E-12 6.10532E-15
25 8.8E-08 0.54 0 0 0.54 0 2.2642E-12 -4.53547E-12 2.2642E-12 7.05375E-15
25 8.8E-08 0.55 0 0 0.55 0 2.50165E-12 -5.01154E-12 2.50165E-12 8.18987E-15
25 8.8E-08 0.56 0 0 0.56 0 2.75872E-12 -5.52696E-12 2.75872E-12 9.55304E-15
25 8.8E-08 0.57 0 0 0.57 0 3.03513E-12 -6.08137E-12 3.03513E-12 1.11909E-14
25 8.8E-08 0.58 0 0 0.58 0 3.33077E-12 -6.67478E-12 3.33077E-12 1.3161E-14
25 8.8E-08 0.59 0 0 0.59 0 3.64573E-12 -7.30706E-12 3.64573E-12 1.55327E-14
25 8.8E-08 0.6 0 0 0.6 0 3.98028E-12 -7.97895E-12 3.98028E-12 1.83901E-14
25 8.8E-08 0.61 0 0 0.61 0 4.33485E-12 -8.69156E-12 4.33485E-12 2.18343E-14
25 8.8E-08 0.62 0 0 0.62 0 4.71E-12 -9.44599E-12 4.71E-12 2.59873E-14
25 8.8E-08 0.63 0 0 0.63 0 5.10637E-12 -1.02437E-11 5.10637E-12 3.0996E-14
25 8.8E-08 0.64 0 0 0.64 0 5.5247E-12 -1.10865E-11 5.5247E-12 3.70375E-14
25 8.8E-08 0.65 0 0 0.65 0 5.96578E-12 -1.19759E-11 5.96578E-12 4.43246E-14
25 8.8E-08 0.66 0 0 0.66 0 6.43048E-12 -1.29139E-11 6.43048E-12 5.31136E-14
25 8.8E-08 0.67 0 0 0.67 0 6.91967E-12 -1.3903E-11 6.91967E-12 6.37125E-14
25 8.8E-08 0.68 0 0 0.68 0 7.43429E-12 -1.4945E-11 7.43429E-12 7.64916E-14
25 8.8E-08 0.69 0 0 0.69 0 7.97532E-12 -1.60425E-11 7.97532E-12 9.18955E-14
25 8.8E-08 0.7 0 0 0.7 0 8.54376E-12 -1.71978E-11 8.54376E-12 1.10458E-13
25 8.8E-08 0.71 0 0 0.71 0 9.14064E-12 -1.84142E-11 9.14064E-12 1.32822E-13
25 8.8E-08 0.72 0 0 0.72 0 9.76703E-12 -1.96938E-11 9.76703E-12 1.59755E-13
25 8.8E-08 0.73 0 0 0.73 0 1.04241E-11 -2.10402E-11 1.04241E-11 1.92181E-13
25 8.8E-08 0.74 0 0 0.74 0 1.11128E-11 -2.24569E-11 1.11128E-11 2.31208E-13
25 8.8E-08 0.75 0 0 0.75 0 1.18346E-11 -2.39474E-11 1.18346E-11 2.78164E-13
25 8.8E-08 0.76 0 0 0.76 0 1.25905E-11 -2.55158E-11 1.25905E-11 3.3464E-13
25 8.8E-08 0.77 0 0 0.77 0 1.33818E-11 -2.71662E-11 1.33818E-11 4.02544E-13
25 8.8E-08 0.78 0 0 0.78 0 1.42098E-11 -2.89038E-11 1.42098E-11 4.8416E-13
25 8.8E-08 0.79 0 0 0.79 0 1.50759E-11 -3.07341E-11 1.50759E-11 5.82225E-13
25 8.8E-08 0.8 0 0 0.8 0 1.59815E-11 -3.2663E-11 1.59815E-11 7.00015E-13
