
25 1.32E-07 0.01 0 0 0.01 0 1.28498E-14 -2.57153E-14 1.28498E-14 1.4734E-17
25 1.32E-07 0.02 0 0 0.02 0 2.35295E-14 -4.70895E-14 2.35295E-14 3.05358E-17
25 1.32E-07 0.03 0 0 0.03 0 3.21535E-14 -6.43541E-14 3.21535E-14 4.7455E-17
25 1.32E-07 0.04 0 0 0.04 0 3.88321E-14 -7.77268E-14 3.88321E-14 6.55428E-17
25 1.32E-07 0.05 0 0 0.05 0 4.36718E-14 -8.74349E-14 4.36718E-14 8.48524E-17
25 1.32E-07 0.06 0 0 0.06 0 4.67758E-14 -9.3663E-14 4.67758E-14 1.05439E-16
25 1.32E-07 0.07 0 0 0.07 0 4.82436E-14 -9.6609E-14 4.82436E-14 1.27359E-16
25 1.32E-07 0.08 0 0 0.08 0 4.81727E-14 -9.65022E-14 4.81727E-14 1.50672E-16
25 1.32E-07 0.09 0 0 0.09 0 4.66586E-14 -9.34908E-14 4.66586E-14 1.75439E-16
25 1.32E-07 0.1 0 0 0.1 0 4.3797E-14 -8.77973E-14 4.3797E-14 2.01722E-16
25 1.32E-07 0.11 0 0 0.11 0 3.96873E-14 -7.9613E-14 3.96873E-14 2.29589E-16
25 1.32E-07 0.12 0 0 0.12 0 3.44409E-14 -6.91391E-14 3.44409E-14 2.59106E-16
25 1.32E-07 0.13 0 0 0.13 0 2.82042E-14 -5.6711E-14 2.82042E-14 2.90345E-16
25 1.32E-07 0.14 0 0 0.14 0 2.12363E-14 -4.28068E-14 2.12363E-14 3.23378E-16
25 1.32E-07 0.15 0 0 0.15 0 1.42616E-14 -2.88821E-14 1.42616E-14 3.58284E-16
25 1.32E-07 0.16 0 0 0.16 0 1.03008E-14 -2.10191E-14 1.03008E-14 3.95142E-16
25 1.32E-07 0.17 0 0 0.17 0 1.49866E-14 -3.04044E-14 1.49866E-14 4.34037E-16
25 1.32E-07 0.18 0 0 0.18 0 2.56759E-14 -5.18444E-14 2.56759E-14 4.75057E-16
25 1.32E-07 0.19 0 0 0.19 0 3.93321E-14 -7.91887E-14 3.93321E-14 5.18297E-16
25 1.32E-07 0.2 0 0 0.2 0 5.52913E-14 -1.11146E-13 5.52913E-14 5.63859E-16
25 1.32E-07 0.21 0 0 0.21 0 7.34425E-14 -1.47518E-13 7.34425E-14 6.11851E-16
25 1.32E-07 0.22 0 0 0.22 0 9.38118E-14 -1.88311E-13 9.38118E-14 6.62392E-16
25 1.32E-07 0.23 0 0 0.23 0 1.16472E-13 -2.33635E-13 1.16472E-13 7.15614E-16
25 1.32E-07 0.24 0 0 0.24 0 1.41518E-13 -2.83798E-13 1.41518E-13 7.71664E-16
25 1.32E-07 0.25 0 0 0.25 0 1.69054E-13 -3.38934E-13 1.69054E-13 8.30707E-16
25 1.32E-07 0.26 0 0 0.26 0 1.99195E-13 -3.99293E-13 1.99195E-13 8.92936E-16
25 1.32E-07 0.27 0 0 0.27 0 2.32063E-13 -4.65057E-13 2.32063E-13 9.58573E-16
25 1.32E-07 0.28 0 0 0.28 0 2.67784E-13 -5.36561E-13 2.67784E-13 1.02788E-15
25 1.32E-07 0.29 0 0 0.29 0 3.06494E-13 -6.14092E-13 3.06494E-13 1.10117E-15
25 1.32E-07 0.3 0 0 0.3 0 3.48331E-13 -6.97856E-13 3.48331E-13 1.17883E-15
25 1.32E-07 0.31 0 0 0.31 0 3.93444E-13 -7.8814E-13 3.93444E-13 1.26131E-15
25 1.32E-07 0.32 0 0 0.32 0 4.41988E-13 -8.85339E-13 4.41988E-13 1.34918E-15
25 1.32E-07 0.33 0 0 0.33 0 4.94129E-13 -9.89686E-13 4.94129E-13 1.44311E-15
25 1.32E-07 0.34 0 0 0.34 0 5.50044E-13 -1.10167E-12 5.50044E-13 1.54397E-15
25 1.32E-07 0.35 0 0 0.35 0 6.09924E-13 -1.22153E-12 6.09924E-13 1.65279E-15
25 1.32E-07 0.36 0 0 0.36 0 6.73983E-13 -1.34974E-12 6.73983E-13 1.77084E-15
25 1.32E-07 0.37 0 0 0.37 0 7.42459E-13 -1.48681E-12 7.42459E-13 1.89969E-15
25 1.32E-07 0.38 0 0 0.38 0 8.15633E-13 -1.63331E-12 8.15633E-13 2.04125E-15
25 1.32E-07 0.39 0 0 0.39 0 8.93837E-13 -1.78989E-12 8.93837E-13 2.19787E-15
25 1.32E-07 0.4 0 0 0.4 0 9.77484E-13 -1.95738E-12 9.77484E-13 2.37241E-15
25 1.32E-07 0.41 0 0 0.41 0 1.0671E-12 -2.13677E-12 1.0671E-12 2.56834E-15
25 1.32E-07 0.42 0 0 0.42 0 1.16338E-12 -2.32952E-12 1.16338E-12 2.78988E-15
25 1.32E-07 0.43 0 0 0.43 0 1.26724E-12 -2.53752E-12 1.26724E-12 3.04214E-15
25 1.32E-07 0.44 0 0 0.44 0 1.37991E-12 -2.76315E-12 1.37991E-12 3.33134E-15
25 1.32E-07 0.45 0 0 0.45 0 1.50306E-12 -3.00978E-12 1.50306E-12 3.66498E-15
25 1.32E-07 0.46 0 0 0.46 0 1.63885E-12 -3.28178E-12 1.63885E-12 4.05214E-15
25 1.32E-07 0.47 0 0 0.47 0 1.79002E-12 -3.5845E-12 1.79002E-12 4.50385E-15
25 1.32E-07 0.48 0 0 0.48 0 1.95982E-12 -3.92471E-12 1.95982E-12 5.03341E-15
25 1.32E-07 0.49 0 0 0.49 0 2.15183E-12 -4.30935E-12 2.15183E-12 5.65698E-15
25 1.32E-07 0.5 0 0 0.5 0 2.36952E-12 -4.74547E-12 2.36952E-12 6.39407E-15
25 1.32E-07 0.51 0 0 0.51 0 2.61583E-12 -5.23889E-12 2.61583E-12 7.26838E-15
25 1.32E-07 0.52 0 0 0.52 0 2.89277E-12 -5.79382E-12 2.89277E-12 8.30856E-15
25 1.32E-07 0.53 0 0 0.53 0 3.20127E-12 -6.41205E-12 3.20127E-12 9.54934E-15
25 1.32E-07 0.54 0 0 0.54 0 3.54144E-12 -7.09384E-12 3.54144E-12 1.10328E-14
25 1.32E-07 0.55 0 0 0.55 0 3.91284E-12 -7.83844E-12 3.91284E-12 1.28098E-14
25 1.32E-07 0.56 0 0 0.56 0 4.31492E-12 -8.64471E-12 4.31492E-12 1.49419E-14
25 1.32E-07 0.57 0 0 0.57 0 4.74725E-12 -9.51205E-12 4.74725E-12 1.75037E-14
25 1.32E-07 0.58 0 0 0.58 0 5.20966E-12 -1.04399E-11 5.20966E-12 2.05851E-14
25 1.32E-07 0.59 0 0 0.59 0 5.70229E-12 -1.14289E-11 5.70229E-12 2.42948E-14
25 1.32E-07 0.6 0 0 0.6 0 6.22557E-12 -1.248E-11 6.22557E-12 2.87641E-14
25 1.32E-07 0.61 0 0 0.61 0 6.78016E-12 -1.35945E-11 6.78016E-12 3.41511E-14
25 1.32E-07 0.62 0 0 0.62 0 7.36692E-12 -1.47745E-11 7.36692E-12 4.06468E-14
25 1.32E-07 0.63 0 0 0.63 0 7.98688E-12 -1.60222E-11 7.98688E-12 4.8481E-14
25 1.32E-07 0.64 0 0 0.64 0 8.64119E-12 -1.73403E-11 8.64119E-12 5.79304E-14
25 1.32E-07 0.65 0 0 0.65 0 9.3311E-12 -1.87315E-11 9.3311E-12 6.93282E-14
25 1.32E-07 0.66 0 0 0.66 0 1.00579E-11 -2.01989E-11 1.00579E-11 8.30751E-14
25 1.32E-07 0.67 0 0 0.67 0 1.08231E-11 -2.17458E-11 1.08231E-11 9.96529E-14
25 1.32E-07 0.68 0 0 0.68 0 1.1628E-11 -2.33755E-11 1.1628E-11 1.19641E-13
25 1.32E-07 0.69 0 0 0.69 0 1.24742E-11 -2.50921E-11 1.24742E-11 1.43734E-13
25 1.32E-07 0.7 0 0 0.7 0 1.33633E-11 -2.68993E-11 1.33633E-11 1.72768E-13
25 1.32E-07 0.71 0 0 0.71 0 1.42969E-11 -2.88015E-11 1.42969E-11 2.07747E-13
25 1.32E-07 0.72 0 0 0.72 0 1.52766E-11 -3.08031E-11 1.52766E-11 2.49873E-13
25 1.32E-07 0.73 0 0 0.73 0 1.63043E-11 -3.29092E-11 1.63043E-11 3.00591E-13
25 1.32E-07 0.74 0 0 0.74 0 1.73816E-11 -3.51249E-11 1.73816E-11 3.61634E-13
25 1.32E-07 0.75 0 0 0.75 0 1.85105E-11 -3.74561E-11 1.85105E-11 4.35077E-13
25 1.32E-07 0.76 0 0 0.76 0 1.96928E-11 -3.9909E-11 1.96928E-11 5.23411E-13
25 1.32E-07 0.77 0 0 0.77 0 2.09305E-11 -4.24906E-11 2.09305E-11 6.29619E-13
25 1.32E-07 0.78 0 0 0.78 0 2.22256E-11 -4.52086E-11 2.22256E-11 7.57275E-13
25 1.32E-07 0.79 0 0 0.79 0 2.35803E-11 -4.80713E-11 2.35803E-11 9.10659E-13
25 1.32E-07 0.8 0 0 0.8 0 2.49967E-11 -5.10882E-11 2.49967E-11 1.0949E-12
