
25 0 0.01 0 0.01 0.8 0.01 3.28186E-16 -6.66802E-11 6.668E-11 6.66797E-11
25 0 0.02 0 0.02 0.8 0.02 3.30701E-16 -4.5025E-11 4.50247E-11 4.50245E-11
25 0 0.03 0 0.03 0.8 0.03 3.32409E-16 -3.02487E-11 3.02483E-11 3.02481E-11
25 0 0.04 0 0.04 0.8 0.04 3.33572E-16 -2.02498E-11 2.02495E-11 2.02493E-11
25 0 0.05 0 0.05 0.8 0.05 3.34367E-16 -1.35234E-11 1.3523E-11 1.35228E-11
25 0 0.06 0 0.06 0.8 0.06 3.34916E-16 -9.01668E-12 9.01616E-12 9.01593E-12
25 0 0.07 0 0.07 0.8 0.07 3.35303E-16 -6.00497E-12 6.00473E-12 6.00453E-12
25 0 0.08 0 0.08 0.8 0.08 3.35585E-16 -3.99658E-12 3.99625E-12 3.99606E-12
25 0 0.09 0 0.09 0.8 0.09 3.35806E-16 -2.65865E-12 2.65832E-12 2.65814E-12
25 0 0.1 0 0.1 0.8 0.1 3.35998E-16 -1.76814E-12 1.76779E-12 1.76762E-12
25 0 0.11 0 0.11 0.8 0.11 3.36188E-16 -1.17573E-12 1.17535E-12 1.1752E-12
25 0 0.12 0 0.12 0.8 0.12 3.36402E-16 -7.81819E-13 7.81364E-13 7.81215E-13
25 0 0.13 0 0.13 0.8 0.13 3.36667E-16 -5.19806E-13 5.19407E-13 5.19269E-13
25 0 0.14 0 0.14 0.8 0.14 3.37019E-16 -3.45612E-13 3.45263E-13 3.45134E-13
25 0 0.15 0 0.15 0.8 0.15 3.37502E-16 -2.29927E-13 2.29481E-13 2.29362E-13
25 0 0.16 0 0.16 0.8 0.16 3.38176E-16 -1.52878E-13 1.52531E-13 1.5242E-13
25 0 0.17 0 0.17 0.8 0.17 3.39126E-16 -1.01807E-13 1.01396E-13 1.01294E-13
25 0 0.18 0 0.18 0.8 0.18 3.40471E-16 -6.78346E-14 6.74007E-14 6.73073E-14
25 0 0.19 0 0.19 0.8 0.19 3.42378E-16 -4.51861E-14 4.48127E-14 4.47281E-14
25 0 0.2 0 0.2 0.8 0.2 3.45084E-16 -3.0087E-14 2.97808E-14 2.97054E-14
25 0 0.21 0 0.21 0.8 0.21 3.48926E-16 -2.02061E-14 1.98275E-14 1.9762E-14
25 0 0.22 0 0.22 0.8 0.22 3.54381E-16 -1.35447E-14 1.31758E-14 1.31214E-14
25 0 0.23 0 0.23 0.8 0.23 3.62126E-16 -9.10383E-15 8.78426E-15 8.74301E-15
25 0 0.24 0 0.24 0.8 0.24 3.73122E-16 -6.21725E-15 5.81226E-15 5.78704E-15
25 0 0.25 0 0.25 0.8 0.25 3.88733E-16 -4.32987E-15 3.86986E-15 3.86496E-15
25 0 0.26 0 0.26 0.8 0.26 4.10894E-16 -2.9976E-15 2.56653E-15 2.58821E-15
25 0 0.27 0 0.27 0.8 0.27 4.42351E-16 -2.22045E-15 1.67051E-15 1.72778E-15
25 0 0.28 0 0.28 0.8 0.28 4.87E-16 -1.55431E-15 1.04606E-15 1.15186E-15
25 0 0.29 0 0.29 0.8 0.29 5.50371E-16 -1.22125E-15 5.97424E-16 7.70217E-16
25 0 0.3 0 0.3 0.8 0.3 6.40308E-16 -8.88178E-16 2.75118E-16 5.41234E-16
25 0 0.31 0 0.31 0.8 0.31 7.6794E-16 -6.66134E-16 -2.91495E-17 3.67761E-16
25 0 0.32 0 0.32 0.8 0.32 9.49061E-16 -5.55112E-16 -3.45061E-16 2.35922E-16
25 0 0.33 0 0.33 0.8 0.33 1.20608E-15 -5.55112E-16 -6.32583E-16 2.08167E-16
25 0 0.34 0 0.34 0.8 0.34 1.57077E-15 -4.44089E-16 -1.06923E-15 1.38778E-16
25 0 0.35 0 0.35 0.8 0.35 2.08826E-15 -5.55112E-16 -1.64462E-15 8.32667E-17
25 0 0.36 0 0.36 0.8 0.36 2.82253E-15 -2.22045E-16 -2.36723E-15 9.71445E-17
25 0 0.37 0 0.37 0.8 0.37 3.86439E-15 -5.55112E-16 -3.45279E-15 5.55112E-17
25 0 0.38 0 0.38 0.8 0.38 5.34272E-15 -2.22045E-16 -4.91915E-15 6.93889E-17
25 0 0.39 0 0.39 0.8 0.39 7.44038E-15 -2.22045E-16 -7.0047E-15 8.32667E-17
25 0 0.4 0 0.4 0.8 0.4 1.04169E-14 -3.33067E-16 -1.00107E-14 5.55112E-17
25 0 0.41 0 0.41 0.8 0.41 1.46409E-14 -3.33067E-16 -1.42222E-14 6.93889E-17
25 0 0.42 0 0.42 0.8 0.42 2.06353E-14 -3.33067E-16 -2.02319E-14 5.55112E-17
25 0 0.43 0 0.43 0.8 0.43 2.91431E-14 -5.55112E-16 -2.87133E-14 8.32667E-17
25 0 0.44 0 0.44 0.8 0.44 4.12194E-14 -5.55112E-16 -4.08185E-14 5.55112E-17
25 0 0.45 0 0.45 0.8 0.45 5.83634E-14 -4.44089E-16 -5.79636E-14 5.55112E-17
25 0 0.46 0 0.46 0.8 0.46 8.27055E-14 -4.44089E-16 -8.22789E-14 8.32667E-17
25 0 0.47 0 0.47 0.8 0.47 1.17275E-13 -4.44089E-16 -1.16877E-13 5.55112E-17
25 0 0.48 0 0.48 0.8 0.48 1.66379E-13 -4.44089E-16 -1.65954E-13 8.32667E-17
25 0 0.49 0 0.49 0.8 0.49 2.36147E-13 -4.44089E-16 -2.35792E-13 1.38778E-17
25 0 0.5 0 0.5 0.8 0.5 3.35303E-13 -4.44089E-16 -3.34921E-13 4.16334E-17
25 0 0.51 0 0.51 0.8 0.51 4.76273E-13 -4.44089E-16 -4.75822E-13 1.11022E-16
25 0 0.52 0 0.52 0.8 0.52 6.76761E-13 -4.44089E-16 -6.76353E-13 6.93889E-17
25 0 0.53 0 0.53 0.8 0.53 9.62011E-13 -4.44089E-16 -9.61604E-13 6.93889E-17
25 0 0.54 0 0.54 0.8 0.54 1.36803E-12 -4.44089E-16 -1.36767E-12 2.77556E-17
25 0 0.55 0 0.55 0.8 0.55 1.94624E-12 -4.44089E-16 -1.94584E-12 5.55112E-17
25 0 0.56 0 0.56 0.8 0.56 2.77005E-12 -4.44089E-16 -2.76966E-12 5.55112E-17
25 0 0.57 0 0.57 0.8 0.57 3.94444E-12 -5.55112E-16 -3.94405E-12 5.55112E-17
25 0 0.58 0 0.58 0.8 0.58 5.61955E-12 -5.55112E-16 -5.61914E-12 6.93889E-17
25 0 0.59 0 0.59 0.8 0.59 8.01029E-12 -5.55112E-16 -8.00987E-12 8.32667E-17
25 0 0.6 0 0.6 0.8 0.6 1.14245E-11 -4.44089E-16 -1.14241E-11 5.55112E-17
25 0 0.61 0 0.61 0.8 0.61 1.63035E-11 -4.44089E-16 -1.63031E-11 4.16334E-17
25 0 0.62 0 0.62 0.8 0.62 2.328E-11 -4.44089E-16 -2.32796E-11 6.93889E-17
25 0 0.63 0 0.63 0.8 0.63 3.32626E-11 -4.44089E-16 -3.32622E-11 5.55112E-17
25 0 0.64 0 0.64 0.8 0.64 4.75556E-11 -4.44089E-16 -4.75553E-11 2.77556E-17
25 0 0.65 0 0.65 0.8 0.65 6.80334E-11 -4.44089E-16 -6.80329E-11 8.32667E-17
25 0 0.66 0 0.66 0.8 0.66 9.73898E-11 -4.44089E-16 -9.73894E-11 8.32667E-17
25 0 0.67 0 0.67 0.8 0.67 1.39499E-10 -4.44089E-16 -1.39498E-10 5.55112E-17
25 0 0.68 0 0.68 0.8 0.68 1.99931E-10 -5.55112E-16 -1.99931E-10 -2.77556E-17
25 0 0.69 0 0.69 0.8 0.69 2.86699E-10 -4.44089E-16 -2.86699E-10 8.32667E-17
25 0 0.7 0 0.7 0.8 0.7 4.11327E-10 -4.44089E-16 -4.11327E-10 8.32667E-17
25 0 0.71 0 0.71 0.8 0.71 5.90381E-10 -4.44089E-16 -5.90381E-10 2.77556E-17
25 0 0.72 0 0.72 0.8 0.72 8.47666E-10 -4.44089E-16 -8.47666E-10 0
25 0 0.73 0 0.73 0.8 0.73 1.21736E-09 -4.44089E-16 -1.21736E-09 8.32667E-17
25 0 0.74 0 0.74 0.8 0.74 1.74848E-09 -3.33067E-16 -1.74848E-09 2.77556E-17
25 0 0.75 0 0.75 0.8 0.75 2.51124E-09 -3.33067E-16 -2.51124E-09 0
25 0 0.76 0 0.76 0.8 0.76 3.606E-09 -5.55112E-16 -3.606E-09 0
25 0 0.77 0 0.77 0.8 0.77 5.17595E-09 -2.22045E-16 -5.17595E-09 0
25 0 0.78 0 0.78 0.8 0.78 7.4248E-09 -2.22045E-16 -7.4248E-09 -2.77556E-17
25 0 0.79 0 0.79 0.8 0.79 1.06415E-08 -2.22045E-16 -1.06415E-08 -5.55112E-17
25 0 0.8 0 0.8 0.8 0.8 1.52345E-08 -3.33067E-16 -1.52345E-08 -1.11022E-16
