
25 1.76E-07 0.01 0 0 0.01 0 1.74842E-14 -3.49876E-14 1.74842E-14 2.00479E-17
25 1.76E-07 0.02 0 0 0.02 0 3.20156E-14 -6.40708E-14 3.20156E-14 4.15487E-17
25 1.76E-07 0.03 0 0 0.03 0 4.37498E-14 -8.7561E-14 4.37498E-14 6.45699E-17
25 1.76E-07 0.04 0 0 0.04 0 5.28371E-14 -1.05766E-13 5.28371E-14 8.91812E-17
25 1.76E-07 0.05 0 0 0.05 0 5.94223E-14 -1.18965E-13 5.94223E-14 1.15455E-16
25 1.76E-07 0.06 0 0 0.06 0 6.36457E-14 -1.27437E-13 6.36457E-14 1.43466E-16
25 1.76E-07 0.07 0 0 0.07 0 6.5643E-14 -1.31457E-13 6.5643E-14 1.73292E-16
25 1.76E-07 0.08 0 0 0.08 0 6.55465E-14 -1.31292E-13 6.55465E-14 2.05013E-16
25 1.76E-07 0.09 0 0 0.09 0 6.34863E-14 -1.27213E-13 6.34863E-14 2.38712E-16
25 1.76E-07 0.1 0 0 0.1 0 5.95926E-14 -1.19459E-13 5.95926E-14 2.74475E-16
25 1.76E-07 0.11 0 0 0.11 0 5.40008E-14 -1.08316E-13 5.40008E-14 3.12391E-16
25 1.76E-07 0.12 0 0 0.12 0 4.68623E-14 -9.40807E-14 4.68623E-14 3.52554E-16
25 1.76E-07 0.13 0 0 0.13 0 3.83763E-14 -7.71474E-14 3.83763E-14 3.95059E-16
25 1.76E-07 0.14 0 0 0.14 0 2.88953E-14 -5.82306E-14 2.88953E-14 4.40007E-16
25 1.76E-07 0.15 0 0 0.15 0 1.94051E-14 -3.92831E-14 1.94051E-14 4.87501E-16
25 1.76E-07 0.16 0 0 0.16 0 1.40159E-14 -2.85617E-14 1.40159E-14 5.37652E-16
25 1.76E-07 0.17 0 0 0.17 0 2.03916E-14 -4.13794E-14 2.03916E-14 5.90574E-16
25 1.76E-07 0.18 0 0 0.18 0 3.4936E-14 -7.05125E-14 3.4936E-14 6.46389E-16
25 1.76E-07 0.19 0 0 0.19 0 5.35175E-14 -1.07718E-13 5.35175E-14 7.05224E-16
25 1.76E-07 0.2 0 0 0.2 0 7.52324E-14 -1.51241E-13 7.52324E-14 7.67218E-16
25 1.76E-07 0.21 0 0 0.21 0 9.99299E-14 -2.00671E-13 9.99299E-14 8.32518E-16
25 1.76E-07 0.22 0 0 0.22 0 1.27646E-13 -2.56189E-13 1.27646E-13 9.01288E-16
25 1.76E-07 0.23 0 0 0.23 0 1.58479E-13 -3.17904E-13 1.58479E-13 9.73705E-16
25 1.76E-07 0.24 0 0 0.24 0 1.92557E-13 -3.86167E-13 1.92557E-13 1.04997E-15
25 1.76E-07 0.25 0 0 0.25 0 2.30024E-13 -4.61199E-13 2.30024E-13 1.13031E-15
25 1.76E-07 0.26 0 0 0.26 0 2.71036E-13 -5.43301E-13 2.71036E-13 1.21498E-15
25 1.76E-07 0.27 0 0 0.27 0 3.15757E-13 -6.32801E-13 3.15757E-13 1.30429E-15
25 1.76E-07 0.28 0 0 0.28 0 3.64362E-13 -7.3011E-13 3.64362E-13 1.39859E-15
25 1.76E-07 0.29 0 0 0.29 0 4.17032E-13 -8.35537E-13 4.17032E-13 1.49832E-15
25 1.76E-07 0.3 0 0 0.3 0 4.73958E-13 -9.49516E-13 4.73958E-13 1.60398E-15
25 1.76E-07 0.31 0 0 0.31 0 5.35342E-13 -1.07241E-12 5.35342E-13 1.71621E-15
25 1.76E-07 0.32 0 0 0.32 0 6.01394E-13 -1.20462E-12 6.01394E-13 1.83576E-15
25 1.76E-07 0.33 0 0 0.33 0 6.7234E-13 -1.34662E-12 6.7234E-13 1.96358E-15
25 1.76E-07 0.34 0 0 0.34 0 7.4842E-13 -1.49897E-12 7.4842E-13 2.10081E-15
25 1.76E-07 0.35 0 0 0.35 0 8.29897E-13 -1.66206E-12 8.29897E-13 2.24887E-15
25 1.76E-07 0.36 0 0 0.36 0 9.17058E-13 -1.8365E-12 9.17058E-13 2.4095E-15
25 1.76E-07 0.37 0 0 0.37 0 1.01023E-12 -2.02308E-12 1.01023E-12 2.58482E-15
25 1.76E-07 0.38 0 0 0.38 0 1.1098E-12 -2.22239E-12 1.1098E-12 2.77744E-15
25 1.76E-07 0.39 0 0 0.39 0 1.2162E-12 -2.43539E-12 1.2162E-12 2.99055E-15
25 1.76E-07 0.4 0 0 0.4 0 1.33002E-12 -2.66327E-12 1.33002E-12 3.22804E-15
25 1.76E-07 0.41 0 0 0.41 0 1.45196E-12 -2.90742E-12 1.45196E-12 3.49463E-15
25 1.76E-07 0.42 0 0 0.42 0 1.58296E-12 -3.16975E-12 1.58296E-12 3.79606E-15
25 1.76E-07 0.43 0 0 0.43 0 1.72427E-12 -3.45267E-12 1.72427E-12 4.13931E-15
25 1.76E-07 0.44 0 0 0.44 0 1.87758E-12 -3.75968E-12 1.87758E-12 4.53281E-15
25 1.76E-07 0.45 0 0 0.45 0 2.04515E-12 -4.09526E-12 2.04515E-12 4.98677E-15
25 1.76E-07 0.46 0 0 0.46 0 2.22991E-12 -4.46531E-12 2.22991E-12 5.51357E-15
25 1.76E-07 0.47 0 0 0.47 0 2.4356E-12 -4.8773E-12 2.4356E-12 6.12819E-15
25 1.76E-07 0.48 0 0 0.48 0 2.66664E-12 -5.34013E-12 2.66664E-12 6.84874E-15
25 1.76E-07 0.49 0 0 0.49 0 2.9279E-12 -5.86347E-12 2.9279E-12 7.6972E-15
25 1.76E-07 0.5 0 0 0.5 0 3.2241E-12 -6.45691E-12 3.2241E-12 8.70013E-15
25 1.76E-07 0.51 0 0 0.51 0 3.55925E-12 -7.12841E-12 3.55925E-12 9.88976E-15
25 1.76E-07 0.52 0 0 0.52 0 3.93606E-12 -7.88345E-12 3.93606E-12 1.13051E-14
25 1.76E-07 0.53 0 0 0.53 0 4.35583E-12 -8.7247E-12 4.35583E-12 1.29934E-14
25 1.76E-07 0.54 0 0 0.54 0 4.81868E-12 -9.65238E-12 4.81868E-12 1.50118E-14
25 1.76E-07 0.55 0 0 0.55 0 5.32402E-12 -1.06654E-11 5.32402E-12 1.74297E-14
25 1.76E-07 0.56 0 0 0.56 0 5.87112E-12 -1.17626E-11 5.87112E-12 2.03308E-14
25 1.76E-07 0.57 0 0 0.57 0 6.45937E-12 -1.29426E-11 6.45937E-12 2.38165E-14
25 1.76E-07 0.58 0 0 0.58 0 7.08856E-12 -1.42051E-11 7.08856E-12 2.80092E-14
25 1.76E-07 0.59 0 0 0.59 0 7.75886E-12 -1.55508E-11 7.75886E-12 3.30569E-14
25 1.76E-07 0.6 0 0 0.6 0 8.47086E-12 -1.69809E-11 8.47086E-12 3.9138E-14
25 1.76E-07 0.61 0 0 0.61 0 9.22546E-12 -1.84974E-11 9.22546E-12 4.6468E-14
25 1.76E-07 0.62 0 0 0.62 0 1.00238E-11 -2.0103E-11 1.00238E-11 5.53063E-14
25 1.76E-07 0.63 0 0 0.63 0 1.08674E-11 -2.18007E-11 1.08674E-11 6.59659E-14
25 1.76E-07 0.64 0 0 0.64 0 1.17577E-11 -2.35942E-11 1.17577E-11 7.88234E-14
25 1.76E-07 0.65 0 0 0.65 0 1.26964E-11 -2.54871E-11 1.26964E-11 9.43318E-14
25 1.76E-07 0.66 0 0 0.66 0 1.36854E-11 -2.74837E-11 1.36854E-11 1.13037E-13
25 1.76E-07 0.67 0 0 0.67 0 1.47265E-11 -2.95885E-11 1.47265E-11 1.35593E-13
25 1.76E-07 0.68 0 0 0.68 0 1.58217E-11 -3.18062E-11 1.58217E-11 1.6279E-13
25 1.76E-07 0.69 0 0 0.69 0 1.69731E-11 -3.41418E-11 1.69731E-11 1.95572E-13
25 1.76E-07 0.7 0 0 0.7 0 1.81829E-11 -3.66008E-11 1.81829E-11 2.35078E-13
25 1.76E-07 0.71 0 0 0.71 0 1.94531E-11 -3.9189E-11 1.94531E-11 2.82672E-13
25 1.76E-07 0.72 0 0 0.72 0 2.07862E-11 -4.19124E-11 2.07862E-11 3.39991E-13
25 1.76E-07 0.73 0 0 0.73 0 2.21845E-11 -4.4778E-11 2.21845E-11 4.09001E-13
25 1.76E-07 0.74 0 0 0.74 0 2.36504E-11 -4.77929E-11 2.36504E-11 4.92059E-13
25 1.76E-07 0.75 0 0 0.75 0 2.51864E-11 -5.09648E-11 2.51864E-11 5.9199E-13
25 1.76E-07 0.76 0 0 0.76 0 2.67951E-11 -5.43024E-11 2.67951E-11 7.12183E-13
25 1.76E-07 0.77 0 0 0.77 0 2.84792E-11 -5.78151E-11 2.84792E-11 8.56695E-13
25 1.76E-07 0.78 0 0 0.78 0 3.02414E-11 -6.15133E-11 3.02414E-11 1.03039E-12
25 1.76E-07 0.79 0 0 0.79 0 3.20847E-11 -6.54085E-11 3.20847E-11 1.23909E-12
25 1.76E-07 0.8 0 0 0.8 0 3.40119E-11 -6.95135E-11 3.40119E-11 1.48978E-12
