
25 1.76E-07 0.01 0.01 0 0 0 -3.89363E-11 2.05986E-14 3.89157E-11 4.87225E-18
25 1.76E-07 0.02 0.02 0 0 0 -7.11482E-11 4.44794E-14 7.11037E-11 8.17687E-18
25 1.76E-07 0.03 0.03 0 0 0 -9.70348E-11 7.18162E-14 9.6963E-11 1.04209E-17
25 1.76E-07 0.04 0.04 0 0 0 -1.1775E-10 1.0279E-13 1.17647E-10 1.19478E-17
25 1.76E-07 0.05 0.05 0 0 0 -1.34866E-10 1.37587E-13 1.34728E-10 1.29905E-17
25 1.76E-07 0.06 0.06 0 0 0 -1.49875E-10 1.76404E-13 1.49698E-10 1.37064E-17
25 1.76E-07 0.07 0.07 0 0 0 -1.63884E-10 2.19441E-13 1.63665E-10 1.42023E-17
25 1.76E-07 0.08 0.08 0 0 0 -1.7761E-10 2.66907E-13 1.77343E-10 1.45504E-17
25 1.76E-07 0.09 0.09 0 0 0 -1.91494E-10 3.19021E-13 1.91175E-10 1.47999E-17
25 1.76E-07 0.1 0.1 0 0 0 -2.05817E-10 3.76006E-13 2.05441E-10 1.49841E-17
25 1.76E-07 0.11 0.11 0 0 0 -2.20769E-10 4.38098E-13 2.20331E-10 1.5126E-17
25 1.76E-07 0.12 0.12 0 0 0 -2.36492E-10 5.05538E-13 2.35987E-10 1.52411E-17
25 1.76E-07 0.13 0.13 0 0 0 -2.531E-10 5.78576E-13 2.52522E-10 1.53402E-17
25 1.76E-07 0.14 0.14 0 0 0 -2.70694E-10 6.57475E-13 2.70036E-10 1.54306E-17
25 1.76E-07 0.15 0.15 0 0 0 -2.89366E-10 7.42502E-13 2.88624E-10 1.55178E-17
25 1.76E-07 0.16 0.16 0 0 0 -3.0921E-10 8.33938E-13 3.08376E-10 1.56055E-17
25 1.76E-07 0.17 0.17 0 0 0 -3.30316E-10 9.32072E-13 3.29384E-10 1.56966E-17
25 1.76E-07 0.18 0.18 0 0 0 -3.52779E-10 1.0372E-12 3.51742E-10 1.57932E-17
25 1.76E-07 0.19 0.19 0 0 0 -3.76696E-10 1.14965E-12 3.75546E-10 1.5897E-17
25 1.76E-07 0.2 0.2 0 0 0 -4.02169E-10 1.26972E-12 4.00899E-10 1.60097E-17
25 1.76E-07 0.21 0.21 0 0 0 -4.29306E-10 1.39775E-12 4.27908E-10 1.61325E-17
25 1.76E-07 0.22 0.22 0 0 0 -4.5822E-10 1.5341E-12 4.56686E-10 1.62667E-17
25 1.76E-07 0.23 0.23 0 0 0 -4.89031E-10 1.67911E-12 4.87352E-10 1.64137E-17
25 1.76E-07 0.24 0.24 0 0 0 -5.21867E-10 1.83316E-12 5.20034E-10 1.65747E-17
25 1.76E-07 0.25 0.25 0 0 0 -5.56863E-10 1.99663E-12 5.54866E-10 1.67511E-17
25 1.76E-07 0.26 0.26 0 0 0 -5.94163E-10 2.16991E-12 5.91993E-10 1.69443E-17
25 1.76E-07 0.27 0.27 0 0 0 -6.33919E-10 2.35342E-12 6.31566E-10 1.71557E-17
25 1.76E-07 0.28 0.28 0 0 0 -6.76295E-10 2.54757E-12 6.73748E-10 1.73871E-17
25 1.76E-07 0.29 0.29 0 0 0 -7.21464E-10 2.75281E-12 7.18711E-10 1.76401E-17
25 1.76E-07 0.3 0.3 0 0 0 -7.6961E-10 2.9696E-12 7.6664E-10 1.79166E-17
25 1.76E-07 0.31 0.31 0 0 0 -8.20929E-10 3.19839E-12 8.1773E-10 1.82186E-17
25 1.76E-07 0.32 0.32 0 0 0 -8.7563E-10 3.43968E-12 8.7219E-10 1.85482E-17
25 1.76E-07 0.33 0.33 0 0 0 -9.33936E-10 3.69397E-12 9.30242E-10 1.89079E-17
25 1.76E-07 0.34 0.34 0 0 0 -9.96085E-10 3.96177E-12 9.92124E-10 1.93E-17
25 1.76E-07 0.35 0.35 0 0 0 -1.06233E-09 4.24363E-12 1.05809E-09 1.97274E-17
25 1.76E-07 0.36 0.36 0 0 0 -1.13294E-09 4.54009E-12 1.1284E-09 2.0193E-17
25 1.76E-07 0.37 0.37 0 0 0 -1.2082E-09 4.85173E-12 1.20335E-09 2.06999E-17
25 1.76E-07 0.38 0.38 0 0 0 -1.28842E-09 5.17915E-12 1.28324E-09 2.12515E-17
25 1.76E-07 0.39 0.39 0 0 0 -1.37392E-09 5.52294E-12 1.3684E-09 2.18516E-17
25 1.76E-07 0.4 0.4 0 0 0 -1.46506E-09 5.88376E-12 1.45918E-09 2.25041E-17
25 1.76E-07 0.41 0.41 0 0 0 -1.5622E-09 6.26224E-12 1.55594E-09 2.32132E-17
25 1.76E-07 0.42 0.42 0 0 0 -1.66575E-09 6.65907E-12 1.65909E-09 2.39836E-17
25 1.76E-07 0.43 0.43 0 0 0 -1.77612E-09 7.07495E-12 1.76904E-09 2.48203E-17
25 1.76E-07 0.44 0.44 0 0 0 -1.89377E-09 7.51058E-12 1.88626E-09 2.57286E-17
25 1.76E-07 0.45 0.45 0 0 0 -2.01918E-09 7.96672E-12 2.01121E-09 2.67143E-17
25 1.76E-07 0.46 0.46 0 0 0 -2.15287E-09 8.44414E-12 2.14443E-09 2.77837E-17
25 1.76E-07 0.47 0.47 0 0 0 -2.29539E-09 8.94362E-12 2.28645E-09 2.89433E-17
25 1.76E-07 0.48 0.48 0 0 0 -2.44733E-09 9.46599E-12 2.43787E-09 3.02005E-17
25 1.76E-07 0.49 0.49 0 0 0 -2.60932E-09 1.00121E-11 2.59931E-09 3.1563E-17
25 1.76E-07 0.5 0.5 0 0 0 -2.78205E-09 1.05828E-11 2.77146E-09 3.30391E-17
25 1.76E-07 0.51 0.51 0 0 0 -2.96622E-09 1.1179E-11 2.95504E-09 3.46379E-17
25 1.76E-07 0.52 0.52 0 0 0 -3.16262E-09 1.18017E-11 3.15082E-09 3.63691E-17
25 1.76E-07 0.53 0.53 0 0 0 -3.37208E-09 1.24517E-11 3.35962E-09 3.82429E-17
25 1.76E-07 0.54 0.54 0 0 0 -3.59548E-09 1.31302E-11 3.58235E-09 4.02707E-17
25 1.76E-07 0.55 0.55 0 0 0 -3.83377E-09 1.3838E-11 3.81993E-09 4.24645E-17
25 1.76E-07 0.56 0.56 0 0 0 -4.08798E-09 1.45764E-11 4.07341E-09 4.48373E-17
25 1.76E-07 0.57 0.57 0 0 0 -4.35921E-09 1.53462E-11 4.34386E-09 4.74029E-17
25 1.76E-07 0.58 0.58 0 0 0 -4.64862E-09 1.61488E-11 4.63247E-09 5.01764E-17
25 1.76E-07 0.59 0.59 0 0 0 -4.95748E-09 1.69852E-11 4.94049E-09 5.31738E-17
25 1.76E-07 0.6 0.6 0 0 0 -5.28713E-09 1.78566E-11 5.26928E-09 5.64124E-17
25 1.76E-07 0.61 0.61 0 0 0 -5.63904E-09 1.87644E-11 5.62027E-09 5.99107E-17
25 1.76E-07 0.62 0.62 0 0 0 -6.01475E-09 1.97096E-11 5.99504E-09 6.36888E-17
25 1.76E-07 0.63 0.63 0 0 0 -6.41594E-09 2.06937E-11 6.39525E-09 6.7768E-17
25 1.76E-07 0.64 0.64 0 0 0 -6.84442E-09 2.1718E-11 6.8227E-09 7.21714E-17
25 1.76E-07 0.65 0.65 0 0 0 -7.3021E-09 2.27839E-11 7.27932E-09 7.69236E-17
25 1.76E-07 0.66 0.66 0 0 0 -7.79107E-09 2.38929E-11 7.76718E-09 8.20511E-17
25 1.76E-07 0.67 0.67 0 0 0 -8.31356E-09 2.50464E-11 8.28852E-09 8.75824E-17
25 1.76E-07 0.68 0.68 0 0 0 -8.87197E-09 2.6246E-11 8.84572E-09 9.3548E-17
25 1.76E-07 0.69 0.69 0 0 0 -9.46888E-09 2.74931E-11 9.44138E-09 9.99807E-17
25 1.76E-07 0.7 0.7 0 0 0 -1.01071E-08 2.87896E-11 1.00783E-08 1.06915E-16
25 1.76E-07 0.71 0.71 0 0 0 -1.07895E-08 3.0137E-11 1.07593E-08 1.1439E-16
25 1.76E-07 0.72 0.72 0 0 0 -1.15194E-08 3.15371E-11 1.14878E-08 1.22445E-16
25 1.76E-07 0.73 0.73 0 0 0 -1.23002E-08 3.29916E-11 1.22672E-08 1.31123E-16
25 1.76E-07 0.74 0.74 0 0 0 -1.31357E-08 3.45024E-11 1.31012E-08 1.40471E-16
25 1.76E-07 0.75 0.75 0 0 0 -1.40297E-08 3.60714E-11 1.39937E-08 1.50539E-16
25 1.76E-07 0.76 0.76 0 0 0 -1.49868E-08 3.77005E-11 1.49491E-08 1.6138E-16
25 1.76E-07 0.77 0.77 0 0 0 -1.60113E-08 3.93917E-11 1.5972E-08 1.73051E-16
25 1.76E-07 0.78 0.78 0 0 0 -1.71085E-08 4.11472E-11 1.70673E-08 1.85613E-16
25 1.76E-07 0.79 0.79 0 0 0 -1.82835E-08 4.2969E-11 1.82406E-08 1.99131E-16
25 1.76E-07 0.8 0.8 0 0 0 -1.95423E-08 4.48594E-11 1.94974E-08 2.13676E-16
