
25 1.76E-07 0.01 0 0.01 0 0.8 1.78758E-13 9.76588E-15 -1.78728E-13 -9.80549E-15
25 1.76E-07 0.02 0 0.02 0 0.8 4.82013E-13 9.76627E-15 -4.81983E-13 -9.80549E-15
25 1.76E-07 0.03 0 0.03 0 0.8 9.68324E-13 9.76661E-15 -9.68295E-13 -9.80549E-15
25 1.76E-07 0.04 0 0.04 0 0.8 1.72327E-12 9.7669E-15 -1.72324E-12 -9.80549E-15
25 1.76E-07 0.05 0 0.05 0 0.8 2.8782E-12 9.76714E-15 -2.87817E-12 -9.80549E-15
25 1.76E-07 0.06 0 0.06 0 0.8 4.6392E-12 9.76735E-15 -4.63917E-12 -9.80549E-15
25 1.76E-07 0.07 0 0.07 0 0.8 7.32749E-12 9.76752E-15 -7.32746E-12 -9.80549E-15
25 1.76E-07 0.08 0 0.08 0 0.8 1.14373E-11 9.76766E-15 -1.14373E-11 -9.80549E-15
25 1.76E-07 0.09 0 0.09 0 0.8 1.77234E-11 9.76779E-15 -1.77234E-11 -9.80549E-15
25 1.76E-07 0.1 0 0.1 0 0.8 2.73346E-11 9.7679E-15 -2.73345E-11 -9.80549E-15
25 1.76E-07 0.11 0 0.11 0 0.8 4.20163E-11 9.76801E-15 -4.20162E-11 -9.80549E-15
25 1.76E-07 0.12 0 0.12 0 0.8 6.44168E-11 9.76813E-15 -6.44167E-11 -9.80549E-15
25 1.76E-07 0.13 0 0.13 0 0.8 9.85468E-11 9.76827E-15 -9.85468E-11 -9.80549E-15
25 1.76E-07 0.14 0 0.14 0 0.8 1.50469E-10 9.76848E-15 -1.50469E-10 -9.80549E-15
25 1.76E-07 0.15 0 0.15 0 0.8 2.29326E-10 9.7688E-15 -2.29326E-10 -9.80549E-15
25 1.76E-07 0.16 0 0.16 0 0.8 3.4887E-10 9.76933E-15 -3.4887E-10 -9.82769E-15
25 1.76E-07 0.17 0 0.17 0 0.8 5.29724E-10 9.77028E-15 -5.29724E-10 -9.82769E-15
25 1.76E-07 0.18 0 0.18 0 0.8 8.02708E-10 9.7717E-15 -8.02708E-10 -9.80549E-15
25 1.76E-07 0.19 0 0.19 0 0.8 1.2137E-09 9.77369E-15 -1.2137E-09 -9.82769E-15
25 1.76E-07 0.2 0 0.2 0 0.8 1.8307E-09 9.77648E-15 -1.8307E-09 -9.82769E-15
25 1.76E-07 0.21 0 0.21 0 0.8 2.75393E-09 9.78043E-15 -2.75393E-09 -9.82769E-15
25 1.76E-07 0.22 0 0.22 0 0.8 4.1303E-09 9.78603E-15 -4.1303E-09 -9.82769E-15
25 1.76E-07 0.23 0 0.23 0 0.8 6.17376E-09 9.79402E-15 -6.17376E-09 -9.82769E-15
25 1.76E-07 0.24 0 0.24 0 0.8 9.19361E-09 9.80542E-15 -9.19361E-09 -9.8499E-15
25 1.76E-07 0.25 0 0.25 0 0.8 1.36335E-08 9.82168E-15 -1.36335E-08 -9.8721E-15
25 1.76E-07 0.26 0 0.26 0 0.8 2.01246E-08 9.84482E-15 -2.01246E-08 -9.97202E-15
25 1.76E-07 0.27 0 0.27 0 0.8 2.95571E-08 9.87758E-15 -2.95571E-08 -1.00164E-14
25 1.76E-07 0.28 0 0.28 0 0.8 4.31756E-08 9.92368E-15 -4.31756E-08 -1.01386E-14
25 1.76E-07 0.29 0 0.29 0 0.8 6.27058E-08 9.98808E-15 -6.27058E-08 -1.02274E-14
25 1.76E-07 0.3 0 0.3 0 0.8 9.05218E-08 1.00772E-14 -9.05218E-08 -1.04605E-14
25 1.76E-07 0.31 0 0.31 0 0.8 1.29865E-07 1.01995E-14 -1.29865E-07 -1.07159E-14
25 1.76E-07 0.32 0 0.32 0 0.8 1.85128E-07 1.03655E-14 -1.85128E-07 -1.11156E-14
25 1.76E-07 0.33 0 0.33 0 0.8 2.62217E-07 1.05885E-14 -2.62217E-07 -1.16263E-14
25 1.76E-07 0.34 0 0.34 0 0.8 3.68993E-07 1.08849E-14 -3.68993E-07 -1.24256E-14
25 1.76E-07 0.35 0 0.35 0 0.8 5.15773E-07 1.12747E-14 -5.15773E-07 -1.3447E-14
25 1.76E-07 0.36 0 0.36 0 0.8 7.15847E-07 1.17827E-14 -7.15847E-07 -1.48792E-14
25 1.76E-07 0.37 0 0.37 0 0.8 9.85905E-07 1.24388E-14 -9.85905E-07 -1.67222E-14
25 1.76E-07 0.38 0 0.38 0 0.8 1.34624E-06 1.32796E-14 -1.34624E-06 -1.92979E-14
25 1.76E-07 0.39 0 0.39 0 0.8 1.82056E-06 1.43498E-14 -1.82056E-06 -2.26397E-14
25 1.76E-07 0.4 0 0.4 0 0.8 2.43529E-06 1.57044E-14 -2.43529E-06 -2.6914E-14
25 1.76E-07 0.41 0 0.41 0 0.8 3.21828E-06 1.7411E-14 -3.21828E-06 -3.24096E-14
25 1.76E-07 0.42 0 0.42 0 0.8 4.19712E-06 1.9553E-14 -4.19712E-06 -3.93041E-14
25 1.76E-07 0.43 0 0.43 0 0.8 5.39714E-06 2.22333E-14 -5.39714E-06 -4.78306E-14
25 1.76E-07 0.44 0 0.44 0 0.8 6.83961E-06 2.55789E-14 -6.83961E-06 -5.82112E-14
25 1.76E-07 0.45 0 0.45 0 0.8 8.54024E-06 2.97463E-14 -8.54024E-06 -7.07678E-14
25 1.76E-07 0.46 0 0.46 0 0.8 1.05084E-05 3.49282E-14 -1.05084E-05 -8.5556E-14
25 1.76E-07 0.47 0 0.47 0 0.8 1.27471E-05 4.13619E-14 -1.27471E-05 -1.02898E-13
25 1.76E-07 0.48 0 0.48 0 0.8 1.52533E-05 4.93382E-14 -1.52533E-05 -1.23115E-13
25 1.76E-07 0.49 0 0.49 0 0.8 1.80191E-05 5.92146E-14 -1.80191E-05 -1.46563E-13
25 1.76E-07 0.5 0 0.5 0 0.8 2.10326E-05 7.14289E-14 -2.10326E-05 -1.73463E-13
25 1.76E-07 0.51 0 0.51 0 0.8 2.42795E-05 8.65179E-14 -2.42795E-05 -2.04383E-13
25 1.76E-07 0.52 0 0.52 0 0.8 2.7744E-05 1.05139E-13 -2.7744E-05 -2.3991E-13
25 1.76E-07 0.53 0 0.53 0 0.8 3.14097E-05 1.28097E-13 -3.14097E-05 -2.80744E-13
25 1.76E-07 0.54 0 0.54 0 0.8 3.52604E-05 1.56377E-13 -3.52604E-05 -3.27818E-13
25 1.76E-07 0.55 0 0.55 0 0.8 3.92805E-05 1.91185E-13 -3.92805E-05 -3.8233E-13
25 1.76E-07 0.56 0 0.56 0 0.8 4.34554E-05 2.33997E-13 -4.34554E-05 -4.45501E-13
25 1.76E-07 0.57 0 0.57 0 0.8 4.77719E-05 2.86616E-13 -4.77719E-05 -5.19342E-13
25 1.76E-07 0.58 0 0.58 0 0.8 5.22175E-05 3.5125E-13 -5.22175E-05 -6.05795E-13
25 1.76E-07 0.59 0 0.59 0 0.8 5.67813E-05 4.30597E-13 -5.67813E-05 -7.07636E-13
25 1.76E-07 0.6 0 0.6 0 0.8 6.14536E-05 5.27957E-13 -6.14536E-05 -8.28073E-13
25 1.76E-07 0.61 0 0.61 0 0.8 6.62253E-05 6.47359E-13 -6.62253E-05 -9.71192E-13
25 1.76E-07 0.62 0 0.62 0 0.8 7.10888E-05 7.9373E-13 -7.10888E-05 -1.14177E-12
25 1.76E-07 0.63 0 0.63 0 0.8 7.6037E-05 9.73083E-13 -7.6037E-05 -1.34596E-12
25 1.76E-07 0.64 0 0.64 0 0.8 8.10637E-05 1.19276E-12 -8.10637E-05 -1.59085E-12
25 1.76E-07 0.65 0 0.65 0 0.8 8.61633E-05 1.46171E-12 -8.61633E-05 -1.88566E-12
25 1.76E-07 0.66 0 0.66 0 0.8 9.13308E-05 1.79087E-12 -9.13308E-05 -2.24112E-12
25 1.76E-07 0.67 0 0.67 0 0.8 9.65617E-05 2.19354E-12 -9.65617E-05 -2.67055E-12
25 1.76E-07 0.68 0 0.68 0 0.8 0.000101852 2.68594E-12 -0.000101852 -3.19018E-12
25 1.76E-07 0.69 0 0.69 0 0.8 0.000107198 3.28778E-12 -0.000107198 -3.81965E-12
25 1.76E-07 0.7 0 0.7 0 0.8 0.000112596 4.02305E-12 -0.000112596 -4.58308E-12
25 1.76E-07 0.71 0 0.71 0 0.8 0.000118044 4.92089E-12 -0.000118044 -5.50955E-12
25 1.76E-07 0.72 0 0.72 0 0.8 0.000123538 6.01663E-12 -0.000123538 -6.63426E-12
25 1.76E-07 0.73 0 0.73 0 0.8 0.000129076 7.35308E-12 -0.000129076 -8.00021E-12
25 1.76E-07 0.74 0 0.74 0 0.8 0.000134656 8.98204E-12 -0.000134656 -9.65898E-12
25 1.76E-07 0.75 0 0.75 0 0.8 0.000140275 1.09661E-11 -0.000140275 -1.16733E-11
25 1.76E-07 0.76 0 0.76 0 0.8 0.000145931 1.33805E-11 -0.000145931 -1.41185E-11
25 1.76E-07 0.77 0 0.77 0 0.8 0.000151623 1.63161E-11 -0.000151623 -1.70852E-11
25 1.76E-07 0.78 0 0.78 0 0.8 0.000157348 1.98816E-11 -0.000157348 -2.06822E-11
25 1.76E-07 0.79 0 0.79 0 0.8 0.000163106 2.42072E-11 -0.000163106 -2.50396E-11
25 1.76E-07 0.8 0 0.8 0 0.8 0.000168894 2.94478E-11 -0.000168894 -3.03126E-11
