
25 2.2E-08 0.05 0.8 0.8 0.05 0.05 0.8 0.8 0.8 -2.48503E-14 4.95929E-14 4.95929E-14 -7.42464E-14 -4.9396E-14 -4.94172E-14
25 2.2E-08 0.1 0.8 0.8 0.1 0.1 0.8 0.8 0.8 -9.77217E-15 1.94154E-14 1.94154E-14 -2.91145E-14 -1.93423E-14 -1.93509E-14
25 2.2E-08 0.15 0.8 0.8 0.15 0.15 0.8 0.8 0.8 9.23079E-13 -6.57075E-13 -7.04064E-13 4.38102E-13 -8.19179E-12 7.2684E-12
25 2.2E-08 0.2 0.8 0.8 0.2 0.2 0.8 0.8 0.8 1.01753E-12 -7.55922E-13 -8.15949E-13 5.54136E-13 -9.46039E-12 8.5932E-12
25 2.2E-08 0.25 0.800001 0.8 0.25 0.25 0.8 0.8 0.800001 1.17148E-12 -9.18621E-13 -1.00399E-12 7.51193E-13 -1.16135E-11 1.08577E-11
25 2.2E-08 0.3 0.8 0.8 0.3 0.3 0.8 0.8 0.8 -2.7744E-16 7.77661E-16 7.77661E-16 -8.01466E-16 -5.24025E-16 -5.27934E-16
25 2.2E-08 0.35 0.8 0.8 0.35 0.35 0.8 0.8 0.8 -1.09861E-16 7.92296E-17 7.92296E-17 -3.34125E-16 -2.24265E-16 -2.05506E-16
25 2.2E-08 0.4 0.8 0.8 0.4 0.4 0.8 0.8 0.8 -7.61936E-17 1.42815E-16 1.42815E-16 -2.00539E-16 -1.24345E-16 -1.44416E-16
25 2.2E-08 0.45 0.8 0.8 0.45 0.45 0.8 0.8 0.8 -2.95151E-17 -6.35855E-17 -6.35855E-17 -8.72467E-17 -5.77316E-17 -5.44703E-17
25 2.2E-08 0.5 0.8 0.8 0.5 0.5 0.8 0.8 0.8 -1.3056E-17 -2.93957E-16 -2.93957E-16 -2.63787E-17 -1.33227E-17 -2.36802E-17
25 2.2E-08 0.55 0.8 0.8 0.55 0.55 0.8 0.8 0.8 -1.46085E-18 5.07675E-16 5.07675E-16 -3.6988E-17 -3.55271E-17 -1.8152E-18
25 2.2E-08 0.6 0.8 0.8 0.6 0.6 0.8 0.8 0.8 -1.62168E-18 7.92296E-17 7.92296E-17 -3.71488E-17 -3.55271E-17 -2.90358E-18
25 2.2E-08 0.65 0.8 0.8 0.65 0.65 0.8 0.8 0.8 -1.20892E-17 1.42815E-16 1.42815E-16 -2.54119E-17 -1.33227E-17 -2.40936E-17
25 2.2E-08 0.7 0.8 0.8 0.7 0.7 0.8 0.8 0.8 3.83458E-18 2.06401E-16 2.06401E-16 -9.48809E-18 -1.33227E-17 7.94558E-18
25 2.2E-08 0.75 0.8 0.8 0.75 0.75 0.8 0.8 0.8 1.26334E-17 3.17928E-16 3.17928E-16 2.15152E-17 8.88178E-18 2.55605E-17
25 2.2E-08 0.8 0.8 0.8 0.8 0.8 0.8 0.8 0.8 1.62793E-17 -1.10518E-16 -1.10518E-16 4.73656E-17 3.10862E-17 3.25586E-17
