
25 4.4E-08 0.05 0.663321 0.8 0.8 0.8 0.05 0.8 0.663321 1.98653E-11 -7.92296E-17 -5.7126E-16 -1.98649E-11 -3.55271E-17 3.98079E-17
25 4.4E-08 0.1 0.672758 0.8 0.8 0.8 0.1 0.8 0.672758 1.84056E-11 -7.92296E-17 -5.7126E-16 -1.84053E-11 -3.55271E-17 3.67921E-17
25 4.4E-08 0.15 0.681959 0.8 0.8 0.8 0.15 0.8 0.681959 1.70716E-11 -7.92296E-17 -3.25245E-16 -1.70714E-11 -3.55271E-17 3.0391E-17
25 4.4E-08 0.2 0.690981 0.8 0.8 0.8 0.2 0.8 0.690981 1.58405E-11 -7.92296E-17 -7.92296E-17 -1.58404E-11 -3.55271E-17 1.22153E-17
25 4.4E-08 0.25 0.699876 0.8 0.8 0.8 0.25 0.8 0.699876 1.46932E-11 -7.92296E-17 -7.92296E-17 -1.46931E-11 -3.55271E-17 8.83632E-18
25 4.4E-08 0.3 0.70868 0.8 0.8 0.8 0.3 0.8 0.70868 1.36135E-11 -7.92296E-17 -7.92296E-17 -1.36135E-11 -3.55271E-17 1.77744E-17
25 4.4E-08 0.35 0.717406 0.8 0.8 0.8 0.35 0.8 0.717406 1.25874E-11 -7.92296E-17 -7.92296E-17 -1.25873E-11 -3.55271E-17 1.61707E-17
25 4.4E-08 0.4 0.726047 0.8 0.8 0.8 0.4 0.8 0.726047 1.1601E-11 -7.92296E-17 -3.25245E-16 -1.16009E-11 -1.33227E-17 4.08841E-17
25 4.4E-08 0.45 0.734569 0.8 0.8 0.8 0.45 0.8 0.734569 1.06388E-11 -7.92296E-17 -3.25245E-16 -1.06387E-11 1.44329E-17 3.92144E-17
25 4.4E-08 0.5 0.742915 0.8 0.8 0.8 0.5 0.8 0.742915 9.683E-12 -7.92296E-17 -3.25245E-16 -9.68294E-12 1.44329E-17 1.89187E-17
25 4.4E-08 0.55 0.751 0.8 0.8 0.8 0.55 0.8 0.751 8.71363E-12 -7.92296E-17 -3.25245E-16 -8.71362E-12 -3.55271E-17 2.64976E-17
25 4.4E-08 0.6 0.758728 0.8 0.8 0.8 0.6 0.8 0.758728 7.7128E-12 -7.92296E-17 -7.92296E-17 -7.71279E-12 -3.55271E-17 2.78977E-17
25 4.4E-08 0.65 0.766037 0.8 0.8 0.8 0.65 0.8 0.766037 6.66696E-12 -7.92296E-17 -7.92296E-17 -6.66694E-12 -1.33227E-17 1.29356E-17
25 4.4E-08 0.7 0.773113 0.8 0.8 0.8 0.7 0.8 0.773113 5.53611E-12 -7.92296E-17 1.66786E-16 -5.5361E-12 -1.33227E-17 1.53479E-17
25 4.4E-08 0.75 0.782064 0.8 0.8 0.8 0.75 0.8 0.782064 3.91307E-12 -7.92296E-17 1.66786E-16 -3.91311E-12 -1.33227E-17 -4.01956E-17
25 4.4E-08 0.8 0.8 0.8 0.8 0.8 0.8 0.8 0.8 -3.60414E-17 -7.92296E-17 -7.92296E-17 -7.15685E-17 -3.55271E-17 -7.20828E-17
