
25 4.4E-08 0.05 0.8 0.8 0.05 0.05 0.8 0.8 0.8 -7.04463E-14 1.40439E-13 1.40439E-13 -2.10514E-13 -1.40068E-13 -1.40089E-13
25 4.4E-08 0.1 0.8 0.8 0.1 0.1 0.8 0.8 0.8 -2.77748E-14 5.51283E-14 5.51283E-14 -8.26886E-14 -5.49139E-14 -5.50014E-14
25 4.4E-08 0.15 0.8 0.8 0.15 0.15 0.8 0.8 0.8 -1.09365E-14 2.17267E-14 2.17267E-14 -3.24549E-14 -2.15183E-14 -2.15102E-14
25 4.4E-08 0.2 0.8 0.8 0.2 0.2 0.8 0.8 0.8 -4.40837E-15 8.59073E-15 8.59073E-15 -1.2926E-14 -8.51763E-15 -8.58632E-15
25 4.4E-08 0.25 0.800001 0.8 0.25 0.25 0.8 0.8 0.800001 4.63432E-12 -3.68531E-12 -3.92591E-12 2.97683E-12 -2.28877E-11 1.98118E-11
25 4.4E-08 0.3 0.800002 0.8 0.3 0.3 0.8 0.8 0.800002 5.81777E-12 -4.95276E-12 -5.38796E-12 4.52293E-12 -3.03677E-11 2.82119E-11
25 4.4E-08 0.35 0.8 0.8 0.35 0.35 0.8 0.8 0.8 -4.41429E-16 7.77661E-16 7.77661E-16 -1.22081E-15 -7.79377E-16 -8.42581E-16
25 4.4E-08 0.4 0.8 0.8 0.4 0.4 0.8 0.8 0.8 -2.68556E-16 4.40431E-16 4.40431E-16 -7.25969E-16 -4.57412E-16 -5.14527E-16
25 4.4E-08 0.45 0.8 0.8 0.45 0.45 0.8 0.8 0.8 -1.82248E-16 2.14223E-16 2.14223E-16 -4.73126E-16 -2.90878E-16 -3.51576E-16
25 4.4E-08 0.5 0.8 0.8 0.5 0.5 0.8 0.8 0.8 -1.39141E-16 2.22045E-16 2.22045E-16 -3.85611E-16 -2.4647E-16 -2.71392E-16
25 4.4E-08 0.55 0.8 0.8 0.55 0.55 0.8 0.8 0.8 -1.14825E-16 2.53837E-16 2.53837E-16 -3.3909E-16 -2.24265E-16 -2.26515E-16
25 4.4E-08 0.6 0.8 0.8 0.6 0.6 0.8 0.8 0.8 -7.20702E-17 3.96148E-17 3.96148E-17 -1.96415E-16 -1.24345E-16 -1.43178E-16
25 4.4E-08 0.65 0.8 0.8 0.65 0.65 0.8 0.8 0.8 -5.78965E-17 7.14075E-17 7.14075E-17 -1.37833E-16 -7.99361E-17 -1.15553E-16
25 4.4E-08 0.7 0.8 0.8 0.7 0.7 0.8 0.8 0.8 -4.89028E-17 -1.42815E-16 -1.42815E-16 -1.28839E-16 -7.99361E-17 -9.70224E-17
25 4.4E-08 0.75 0.8 0.8 0.75 0.75 0.8 0.8 0.8 -4.46092E-17 -8.70516E-17 -8.70516E-17 -1.02341E-16 -5.77316E-17 -8.83864E-17
25 4.4E-08 0.8             
