
25 6.6E-08 0.05 0.663313 0.8 0.8 0.8 0.05 0.8 0.663313 3.27791E-11 -6.76227E-17 -7.23664E-16 -3.27784E-11 -1.33227E-17 5.94915E-17
25 6.6E-08 0.1 0.67275 0.8 0.8 0.8 0.1 0.8 0.67275 3.03695E-11 -6.76227E-17 -5.59653E-16 -3.0369E-11 -1.33227E-17 7.77959E-17
25 6.6E-08 0.15 0.681949 0.8 0.8 0.8 0.15 0.8 0.681949 2.81673E-11 -6.76227E-17 -5.59653E-16 -2.81669E-11 -1.33227E-17 6.33281E-17
25 6.6E-08 0.2 0.690969 0.8 0.8 0.8 0.2 0.8 0.690969 2.61349E-11 -6.76227E-17 -3.95643E-16 -2.61346E-11 -1.33227E-17 1.32535E-17
25 6.6E-08 0.25 0.699863 0.8 0.8 0.8 0.25 0.8 0.699863 2.42407E-11 -6.76227E-17 -2.31633E-16 -2.42405E-11 -1.33227E-17 2.18533E-17
25 6.6E-08 0.3 0.708666 0.8 0.8 0.8 0.3 0.8 0.708666 2.24581E-11 -6.76227E-17 -2.31633E-16 -2.24579E-11 -1.33227E-17 3.52524E-17
25 6.6E-08 0.35 0.71739 0.8 0.8 0.8 0.35 0.8 0.71739 2.07638E-11 -6.76227E-17 -6.76227E-17 -2.07637E-11 -1.33227E-17 4.50456E-17
25 6.6E-08 0.4 0.726029 0.8 0.8 0.8 0.4 0.8 0.726029 1.91351E-11 -6.76227E-17 -6.76227E-17 -1.91349E-11 1.44329E-17 1.28104E-17
25 6.6E-08 0.45 0.734549 0.8 0.8 0.8 0.45 0.8 0.734549 1.75466E-11 -6.76227E-17 -6.76227E-17 -1.75465E-11 1.44329E-17 7.58923E-18
25 6.6E-08 0.5 0.742894 0.8 0.8 0.8 0.5 0.8 0.742894 1.59687E-11 -6.76227E-17 -6.76227E-17 -1.59687E-11 -3.55271E-17 2.1211E-17
25 6.6E-08 0.55 0.750978 0.8 0.8 0.8 0.55 0.8 0.750978 1.43688E-11 -6.76227E-17 -2.31633E-16 -1.43688E-11 -3.55271E-17 5.03234E-18
25 6.6E-08 0.6 0.758707 0.8 0.8 0.8 0.6 0.8 0.758707 1.27173E-11 -6.76227E-17 -2.31633E-16 -1.27173E-11 3.66374E-17 2.32687E-17
25 6.6E-08 0.65 0.766018 0.8 0.8 0.8 0.65 0.8 0.766018 1.09918E-11 -6.76227E-17 -2.31633E-16 -1.09917E-11 3.66374E-17 4.95953E-17
25 6.6E-08 0.7 0.7731 0.8 0.8 0.8 0.7 0.8 0.7731 9.1257E-12 -6.76227E-17 -2.31633E-16 -9.1256E-12 3.66374E-17 5.2327E-17
25 6.6E-08 0.75 0.782061 0.8 0.8 0.8 0.75 0.8 0.782061 6.44772E-12 -6.76227E-17 -6.76227E-17 -6.44759E-12 8.65974E-17 3.51953E-17
25 6.6E-08 0.8 0.8 0.8 0.8 0.8 0.8 0.8 0.8 -8.76158E-18 -6.76227E-17 -6.76227E-17 5.67133E-18 1.44329E-17 -1.75232E-17
