
25 6.6E-08 0.05 0.8 0.8 0.05 0.05 0.8 0.8 0.8 -1.15973E-13 2.31322E-13 2.31322E-13 -3.46602E-13 -2.30629E-13 -2.30623E-13
25 6.6E-08 0.1 0.8 0.8 0.1 0.1 0.8 0.8 0.8 -4.56581E-14 9.08327E-14 9.08327E-14 -1.36077E-13 -9.04188E-14 -9.04134E-14
25 6.6E-08 0.15 0.8 0.8 0.15 0.15 0.8 0.8 0.8 -1.79797E-14 3.56252E-14 3.56252E-14 -5.33315E-14 -3.53517E-14 -3.53619E-14
25 6.6E-08 0.2 0.8 0.8 0.2 0.2 0.8 0.8 0.8 6.86862E-12 -5.18754E-12 -5.43011E-12 3.74901E-12 -2.53712E-11 1.93729E-11
25 6.6E-08 0.25 0.800001 0.8 0.25 0.25 0.8 0.8 0.800001 6.70331E-12 -5.34755E-12 -5.66516E-12 4.30939E-12 -2.58547E-11 2.13827E-11
25 6.6E-08 0.3 0.800001 0.8 0.3 0.3 0.8 0.8 0.800001 8.68712E-12 -7.4203E-12 -8.02738E-12 6.76065E-12 -3.50675E-11 3.18195E-11
25 6.6E-08 0.35 0.8 0.8 0.35 0.35 0.8 0.8 0.8 -6.27755E-16 1.34589E-15 1.34589E-15 -1.82902E-15 -1.20126E-15 -1.18916E-15
25 6.6E-08 0.4 0.8 0.8 0.4 0.4 0.8 0.8 0.8 -3.3687E-16 6.51247E-16 6.51247E-16 -1.04963E-15 -7.12763E-16 -6.36544E-16
25 6.6E-08 0.45 0.8 0.8 0.45 0.45 0.8 0.8 0.8 -2.40357E-16 3.66626E-16 3.66626E-16 -7.19973E-16 -4.79616E-16 -4.59433E-16
25 6.6E-08 0.5 0.8 0.8 0.5 0.5 0.8 0.8 0.8 -1.51675E-16 4.39043E-16 4.39043E-16 -4.64758E-16 -3.13083E-16 -2.92003E-16
25 6.6E-08 0.55 0.8 0.8 0.55 0.55 0.8 0.8 0.8 -9.78371E-17 1.54422E-16 1.54422E-16 -2.44387E-16 -1.46549E-16 -1.90511E-16
25 6.6E-08 0.6 0.8 0.8 0.6 0.6 0.8 0.8 0.8 -6.13298E-17 1.97822E-16 1.97822E-16 -1.85675E-16 -1.24345E-16 -1.21074E-16
25 6.6E-08 0.65 0.8 0.8 0.65 0.65 0.8 0.8 0.8 -3.73399E-17 -3.38113E-17 -3.38113E-17 -9.50715E-17 -5.77316E-17 -7.42842E-17
25 6.6E-08 0.7 0.8 0.8 0.7 0.7 0.8 0.8 0.8 6.52662E-18 1.73599E-16 1.73599E-16 -5.1205E-17 -5.77316E-17 1.43432E-17
25 6.6E-08 0.75 0.8 0.8 0.75 0.75 0.8 0.8 0.8 -2.17193E-18 -5.80344E-17 -5.80344E-17 1.2261E-17 1.44329E-17 -2.97367E-18
25 6.6E-08 0.8 0.8 0.8 0.8 0.8 0.8 0.8 0.8 -5.51629E-18 -6.76227E-17 -6.76227E-17 8.91661E-18 1.44329E-17 -1.10326E-17
