
25 8.8E-08 0.05 0.66331 0.8 0.8 0.8 0.05 0.8 0.66331 4.56972E-11 -1.62622E-16 -1.02368E-15 -4.56963E-11 3.66374E-17 3.91229E-17
25 8.8E-08 0.1 0.672745 0.8 0.8 0.8 0.1 0.8 0.672745 4.23373E-11 -1.62622E-16 -7.77661E-16 -4.23366E-11 3.66374E-17 4.03988E-17
25 8.8E-08 0.15 0.681944 0.8 0.8 0.8 0.15 0.8 0.681944 3.92665E-11 -1.62622E-16 -5.31645E-16 -3.9266E-11 3.66374E-17 5.69627E-17
25 8.8E-08 0.2 0.690964 0.8 0.8 0.8 0.2 0.8 0.690964 3.64325E-11 -1.62622E-16 -2.8563E-16 -3.64321E-11 3.66374E-17 9.73245E-18
25 8.8E-08 0.25 0.699857 0.8 0.8 0.8 0.25 0.8 0.699857 3.37911E-11 -1.62622E-16 -4.08638E-16 -3.37908E-11 3.66374E-17 3.27595E-17
25 8.8E-08 0.3 0.708659 0.8 0.8 0.8 0.3 0.8 0.708659 3.13053E-11 -1.62622E-16 -5.31645E-16 -3.1305E-11 3.66374E-17 6.14997E-17
25 8.8E-08 0.35 0.717383 0.8 0.8 0.8 0.35 0.8 0.717383 2.89426E-11 -1.62622E-16 -3.96148E-17 -2.89424E-11 6.43929E-17 2.07112E-17
25 8.8E-08 0.4 0.72602 0.8 0.8 0.8 0.4 0.8 0.72602 2.66713E-11 -1.62622E-16 -1.62622E-16 -2.66711E-11 6.43929E-17 3.01532E-17
25 8.8E-08 0.45 0.73454 0.8 0.8 0.8 0.45 0.8 0.73454 2.44562E-11 -1.62622E-16 -1.62622E-16 -2.44561E-11 -1.33227E-17 6.89093E-17
25 8.8E-08 0.5 0.742884 0.8 0.8 0.8 0.5 0.8 0.742884 2.2256E-11 -1.62622E-16 -1.62622E-16 -2.22559E-11 -1.33227E-17 2.10534E-17
25 8.8E-08 0.55 0.750968 0.8 0.8 0.8 0.55 0.8 0.750968 2.00253E-11 -1.62622E-16 -1.62622E-16 -2.00252E-11 3.66374E-17 4.79956E-17
25 8.8E-08 0.6 0.758697 0.8 0.8 0.8 0.6 0.8 0.758697 1.77229E-11 -1.62622E-16 -1.62622E-16 -1.77229E-11 3.66374E-17 -1.65908E-17
25 8.8E-08 0.65 0.766009 0.8 0.8 0.8 0.65 0.8 0.766009 1.53175E-11 8.33929E-17 8.33929E-17 -1.53175E-11 3.66374E-17 6.97131E-18
25 8.8E-08 0.7 0.773094 0.8 0.8 0.8 0.7 0.8 0.773094 1.27158E-11 8.33929E-17 8.33929E-17 -1.27158E-11 6.43929E-17 -2.78912E-18
25 8.8E-08 0.75 0.78206 0.8 0.8 0.8 0.75 0.8 0.78206 8.98254E-12 8.33929E-17 8.33929E-17 -8.98254E-12 -1.33227E-17 5.56466E-18
25 8.8E-08 0.8 0.8 0.8 0.8 0.8 0.8 0.8 0.8 1.55519E-17 8.33929E-17 8.33929E-17 1.02149E-16 8.65974E-17 3.11037E-17
