
25 8.8E-08 0.05 0.8 0.8 0.05 0.05 0.8 0.8 0.8 -1.61544E-13 3.22193E-13 3.22193E-13 -4.82745E-13 -3.21201E-13 -3.21245E-13
25 8.8E-08 0.1 0.8 0.8 0.1 0.1 0.8 0.8 0.8 -6.35681E-14 1.26524E-13 1.26524E-13 -1.89392E-13 -1.25824E-13 -1.25879E-13
25 8.8E-08 0.15 0.8 0.8 0.15 0.15 0.8 0.8 0.8 -2.5037E-14 4.96415E-14 4.96415E-14 -7.41777E-14 -4.91407E-14 -4.92417E-14
25 8.8E-08 0.2 0.8 0.8 0.2 0.2 0.8 0.8 0.8 -9.96231E-15 1.97021E-14 1.97021E-14 -2.93268E-14 -1.93645E-14 -1.9396E-14
25 8.8E-08 0.25 0.800001 0.8 0.25 0.25 0.8 0.8 0.800001 1.02449E-11 -8.18644E-12 -8.65141E-12 6.59297E-12 -3.46684E-11 2.78271E-11
25 8.8E-08 0.3 0.8 0.8 0.3 0.3 0.8 0.8 0.8 -1.80615E-15 3.57713E-15 3.57713E-15 -5.18345E-15 -3.3773E-15 -3.43715E-15
25 8.8E-08 0.35 0.8 0.8 0.35 0.35 0.8 0.8 0.8 -8.88441E-16 1.86492E-15 1.86492E-15 -2.53379E-15 -1.64535E-15 -1.68449E-15
25 8.8E-08 0.4 0.8 0.8 0.4 0.4 0.8 0.8 0.8 -5.2006E-16 9.58261E-16 9.58261E-16 -1.46597E-15 -9.4591E-16 -9.88306E-16
25 8.8E-08 0.45 0.8 0.8 0.45 0.45 0.8 0.8 0.8 -3.12362E-16 6.60646E-16 6.60646E-16 -8.36388E-16 -5.24025E-16 -5.95087E-16
25 8.8E-08 0.5 0.8 0.8 0.5 0.5 0.8 0.8 0.8 -2.2711E-16 6.03053E-16 6.03053E-16 -5.84602E-16 -3.57492E-16 -4.38414E-16
25 8.8E-08 0.55 0.8 0.8 0.55 0.55 0.8 0.8 0.8 -1.46169E-16 3.72934E-16 3.72934E-16 -3.37127E-16 -1.90958E-16 -2.85146E-16
25 8.8E-08 0.6 0.8 0.8 0.6 0.6 0.8 0.8 0.8 -9.39957E-17 1.42815E-16 1.42815E-16 -2.40545E-16 -1.46549E-16 -1.85783E-16
25 8.8E-08 0.65 0.8 0.8 0.65 0.65 0.8 0.8 0.8 -4.78492E-17 1.58711E-16 1.58711E-16 -1.05581E-16 -5.77316E-17 -9.51472E-17
25 8.8E-08 0.7 0.8 0.8 0.7 0.7 0.8 0.8 0.8 -4.40111E-18 5.16001E-17 5.16001E-17 -1.21727E-17 -7.77156E-18 -7.00553E-18
25 8.8E-08 0.75 0.8 0.8 0.75 0.75 0.8 0.8 0.8 -7.43694E-18 7.94819E-17 7.94819E-17 6.99596E-18 1.44329E-17 -1.29654E-17
25 8.8E-08 0.8 0.8 0.8 0.8 0.8 0.8 0.8 0.8 2.12834E-17 9.53783E-17 9.53783E-17 1.07881E-16 8.65974E-17 4.25668E-17
