
25 1.32E-07 0.05 0.05 0.8 0.8 0.05 0.05 0.8 0.8 0.8 -2.52694E-13 5.03935E-13 5.03935E-13 -7.55219E-13 -5.02525E-13 -5.02506E-13
25 1.32E-07 0.05 0.1 0.8 0.8 0.05 0.1 0.8 0.8 0.8 -9.3563E-14 5.03935E-13 1.97915E-13 -6.08349E-13 -5.02525E-13 -1.96962E-13
25 1.32E-07 0.05 0.15 0.8 0.8 0.05 0.15 0.8 0.8 0.8 -3.39193E-14 5.03935E-13 7.76968E-14 -5.47772E-13 -5.02525E-13 -7.70743E-14
25 1.32E-07 0.05 0.2 0.8 0.8 0.05 0.2 0.8 0.8 0.8 -1.2043E-14 5.03935E-13 3.08255E-14 -5.22756E-13 -5.02525E-13 -3.04198E-14
25 1.32E-07 0.05 0.25 0.8 0.8 0.05 0.25 0.8 0.8 0.8 -3.17E-12 -1.14666E-11 -1.16681E-11 2.63046E-11 -4.67269E-11 3.1502E-11
25 1.32E-07 0.05 0.3 0.8 0.8 0.05 0.3 0.8 0.8 0.8 -1.23032E-11 -1.16694E-11 -1.18867E-11 3.58592E-11 -4.75433E-11 3.43127E-11
25 1.32E-07 0.05 0.35 0.8 0.8 0.05 0.35 0.8 0.8 0.8 -2.36873E-11 -1.28307E-11 -1.32918E-11 4.98098E-11 -5.20673E-11 3.96446E-11
25 1.32E-07 0.05 0.4 0.8 0.8 0.05 0.4 0.8 0.8 0.8 -3.21306E-11 -1.29981E-11 -1.36478E-11 5.87765E-11 -5.27428E-11 4.10973E-11
25 1.32E-07 0.05 0.45 0.8 0.8 0.05 0.45 0.8 0.8 0.8 -3.62596E-11 -1.27914E-11 -1.34494E-11 6.25003E-11 -5.19573E-11 4.07649E-11
25 1.32E-07 0.05 0.5 0.8 0.8 0.05 0.5 0.8 0.8 0.8 -3.85844E-11 -1.29041E-11 -1.3498E-11 6.49866E-11 -5.23974E-11 4.12169E-11
25 1.32E-07 0.05 0.55 0.8 0.8 0.05 0.55 0.8 0.8 0.8 -3.75928E-11 -1.23242E-11 -1.28045E-11 6.27214E-11 -5.0152E-11 3.9486E-11
25 1.32E-07 0.05 0.6 0.8 0.8 0.05 0.6 0.8 0.8 0.8 -1.62058E-18 5.03935E-13 2.62921E-16 -5.04268E-13 -5.02525E-13 -3.01739E-16
25 1.32E-07 0.05 0.65 0.8 0.8 0.05 0.65 0.8 0.8 0.8 -3.39086E-11 -1.09871E-11 -1.11237E-11 5.60194E-11 -4.49703E-11 3.54422E-11
25 1.32E-07 0.05 0.7 0.8 0.8 0.05 0.7 0.8 0.8 0.8 -1.59786E-11 -4.90754E-12 -5.11318E-12 2.59995E-11 -2.14626E-11 1.67138E-11
25 1.32E-07 0.05 0.75 0.8 0.8 0.05 0.75 0.8 0.8 0.8 -2.97071E-11 -9.56017E-12 -9.20846E-12 4.84756E-11 -3.94402E-11 3.11102E-11
25 1.32E-07 0.05 0.8 0.8 0.8 0.05 0.8 0.8 0.8 0.8 -8.03191E-12 -2.21712E-12 -2.39565E-12 1.26445E-11 -1.10352E-11 8.42271E-12
25 1.32E-07 0.1 0.05 0.8 0.8 0.1 0.05 0.8 0.8 0.8 -2.6789E-13 1.97915E-13 5.03935E-13 -4.33964E-13 -1.96887E-13 -5.02541E-13
25 1.32E-07 0.1 0.1 0.8 0.8 0.1 0.1 0.8 0.8 0.8 -9.94751E-14 1.97915E-13 1.97915E-13 -2.96362E-13 -1.96887E-13 -1.96983E-13
25 1.32E-07 0.1 0.15 0.8 0.8 0.1 0.15 0.8 0.8 0.8 -3.61505E-14 1.97915E-13 7.76968E-14 -2.39427E-13 -1.96887E-13 -7.70561E-14
25 1.32E-07 0.1 0.2 0.8 0.8 0.1 0.2 0.8 0.8 0.8 -1.28656E-14 1.97915E-13 3.08255E-14 -2.15857E-13 -1.96887E-13 -3.04385E-14
25 1.32E-07 0.1 0.25 0.8 0.8 0.1 0.25 0.8 0.8 0.8 -4.4992E-15 1.97915E-13 1.26288E-14 -2.06047E-13 -1.96887E-13 -1.24275E-14
25 1.32E-07 0.1 0.3 0.8 0.8 0.1 0.3 0.8 0.8 0.8 -1.02044E-11 -1.17577E-11 -1.18396E-11 3.38016E-11 -4.61112E-11 3.41804E-11
25 1.32E-07 0.1 0.35 0.8 0.8 0.1 0.35 0.8 0.8 0.8 -2.42286E-11 -1.42023E-11 -1.45602E-11 5.29913E-11 -5.55445E-11 4.34337E-11
25 1.32E-07 0.1 0.4 0.8 0.8 0.1 0.4 0.8 0.8 0.8 -1.73158E-16 1.97915E-13 1.5557E-15 -1.99268E-13 -1.96887E-13 -1.52956E-15
25 1.32E-07 0.1 0.45 0.8 0.8 0.1 0.45 0.8 0.8 0.8 -5.63037E-17 1.97915E-13 9.62362E-16 -1.98839E-13 -1.96887E-13 -1.00132E-15
25 1.32E-07 0.1 0.5 0.800001 0.8 0.1 0.5 0.8 0.8 0.800001 -3.83644E-11 -1.29832E-11 -1.34629E-11 6.48104E-11 -5.09146E-11 4.11103E-11
25 1.32E-07 0.1 0.55 0.800001 0.8 0.1 0.55 0.8 0.8 0.800001 -3.86021E-11 -1.2797E-11 -1.31603E-11 6.45595E-11 -5.01978E-11 4.05838E-11
25 1.32E-07 0.1 0.6 0.8 0.8 0.1 0.6 0.8 0.8 0.8 -3.74107E-11 -1.23189E-11 -1.25163E-11 6.22459E-11 -4.83551E-11 3.91308E-11
25 1.32E-07 0.1 0.65 0.8 0.8 0.1 0.65 0.8 0.8 0.8 -3.72169E-19 1.97915E-13 1.47105E-16 -1.98078E-13 -1.96887E-13 -2.07622E-16
25 1.32E-07 0.1 0.7 0.8 0.8 0.1 0.7 0.8 0.8 0.8 -3.28146E-11 -1.0759E-11 -1.05009E-11 5.40745E-11 -4.23461E-11 3.43251E-11
25 1.32E-07 0.1 0.75 0.8 0.8 0.1 0.75 0.8 0.8 0.8 -7.54735E-19 1.97915E-13 5.29879E-17 -1.97937E-13 -1.96887E-13 -6.51996E-17
25 1.32E-07 0.1 0.8 0.8 0.8 0.1 0.8 0.8 0.8 0.8 -1.06024E-11 -3.34169E-12 -3.16223E-12 1.71063E-11 -1.38225E-11 1.11184E-11
25 1.32E-07 0.15 0.05 0.8 0.8 0.15 0.05 0.8 0.8 0.8 -2.87758E-13 7.76968E-14 5.03935E-13 -2.93952E-13 -7.70669E-14 -5.02551E-13
25 1.32E-07 0.15 0.1 0.8 0.8 0.15 0.1 0.8 0.8 0.8 -1.07297E-13 7.76968E-14 1.97915E-13 -1.6839E-13 -7.70669E-14 -1.96986E-13
25 1.32E-07 0.15 0.15 0.8 0.8 0.15 0.15 0.8 0.8 0.8 -3.91632E-14 7.76968E-14 7.76968E-14 -1.1623E-13 -7.70669E-14 -7.70245E-14
25 1.32E-07 0.15 0.2 0.8 0.8 0.15 0.2 0.8 0.8 0.8 -1.39959E-14 7.76968E-14 3.08255E-14 -9.45411E-14 -7.70669E-14 -3.04057E-14
25 1.32E-07 0.15 0.25 0.8 0.8 0.15 0.25 0.8 0.8 0.8 -4.9021E-15 7.76968E-14 1.26288E-14 -8.54573E-14 -7.70669E-14 -1.23939E-14
25 1.32E-07 0.15 0.3 0.8 0.8 0.15 0.3 0.8 0.8 0.8 -8.05343E-12 -1.28342E-11 -1.30132E-11 3.39009E-11 -4.92513E-11 3.75777E-11
25 1.32E-07 0.15 0.35 0.8 0.8 0.15 0.35 0.8 0.8 0.8 -5.49213E-12 -3.49807E-12 -3.67738E-12 1.26676E-11 -1.371E-11 1.09698E-11
25 1.32E-07 0.15 0.4 0.8 0.8 0.15 0.4 0.8 0.8 0.8 -1.8043E-16 7.76968E-14 1.5557E-15 -7.9078E-14 -7.70669E-14 -1.50007E-15
25 1.32E-07 0.15 0.45 0.8 0.8 0.15 0.45 0.8 0.8 0.8 -5.77066E-17 7.76968E-14 9.62362E-16 -7.86753E-14 -7.70669E-14 -9.91955E-16
25 1.32E-07 0.15 0.5 0.8 0.8 0.15 0.5 0.8 0.8 0.8 -1.755E-17 7.76968E-14 7.11552E-16 -7.83538E-14 -7.70669E-14 -6.4117E-16
25 1.32E-07 0.15 0.55 0.8 0.8 0.15 0.55 0.8 0.8 0.8 -5.66367E-18 7.76968E-14 4.87237E-16 -7.82024E-14 -7.70669E-14 -4.84626E-16
25 1.32E-07 0.15 0.6 0.800001 0.8 0.15 0.6 0.8 0.8 0.800001 -4.12169E-11 -1.3469E-11 -1.37947E-11 6.84806E-11 -5.17902E-11 4.31286E-11
25 1.32E-07 0.15 0.65 0.800001 0.8 0.15 0.65 0.8 0.8 0.800001 -3.85924E-11 -1.25818E-11 -1.2662E-11 6.38363E-11 -4.84001E-11 4.03447E-11
25 1.32E-07 0.15 0.7 0.8 0.8 0.15 0.7 0.8 0.8 0.8 -7.32844E-19 7.76968E-14 1.68804E-16 -7.78322E-14 -7.70669E-14 -1.13726E-16
25 1.32E-07 0.15 0.75 0.8 0.8 0.15 0.75 0.8 0.8 0.8 -7.53095E-19 7.76968E-14 5.29879E-17 -7.77754E-14 -7.70669E-14 -5.68513E-17
25 1.32E-07 0.15 0.8 0.8 0.8 0.15 0.8 0.8 0.8 0.8 -1.28845E-11 -4.14811E-12 -3.84271E-12 2.08754E-11 -1.62045E-11 1.35115E-11
25 1.32E-07 0.2 0.05 0.8 0.8 0.2 0.05 0.8 0.8 0.8 -3.1409E-13 3.08255E-14 5.03935E-13 -2.20693E-13 -3.03783E-14 -5.02549E-13
25 1.32E-07 0.2 0.1 0.8 0.8 0.2 0.1 0.8 0.8 0.8 -1.1779E-13 3.08255E-14 1.97915E-13 -1.10944E-13 -3.03783E-14 -1.96958E-13
25 1.32E-07 0.2 0.15 0.8 0.8 0.2 0.15 0.8 0.8 0.8 -4.33314E-14 3.08255E-14 7.76968E-14 -6.51656E-14 -3.03783E-14 -7.70543E-14
25 1.32E-07 0.2 0.2 0.8 0.8 0.2 0.2 0.8 0.8 0.8 -1.56198E-14 3.08255E-14 3.08255E-14 -4.59981E-14 -3.03783E-14 -3.04127E-14
25 1.32E-07 0.2 0.25 0.8 0.8 0.2 0.25 0.8 0.8 0.8 -5.52668E-15 3.08255E-14 1.26288E-14 -3.79176E-14 -3.03783E-14 -1.2405E-14
25 1.32E-07 0.2 0.3 0.8 0.8 0.2 0.3 0.8 0.8 0.8 -1.91936E-15 3.08255E-14 5.5438E-15 -3.44581E-14 -3.03783E-14 -5.4488E-15
25 1.32E-07 0.2 0.35 0.800001 0.8 0.2 0.35 0.8 0.8 0.800001 -1.97677E-11 -1.52021E-11 -1.6028E-11 5.09978E-11 -5.74034E-11 4.78299E-11
25 1.32E-07 0.2 0.4 0.8 0.8 0.2 0.4 0.8 0.8 0.8 -2.02662E-16 3.08255E-14 1.5557E-15 -3.21286E-14 -3.03783E-14 -1.49898E-15
25 1.32E-07 0.2 0.45 0.8 0.8 0.2 0.45 0.8 0.8 0.8 -6.22017E-17 3.08255E-14 9.62362E-16 -3.17171E-14 -3.03783E-14 -9.64418E-16
25 1.32E-07 0.2 0.5 0.8 0.8 0.2 0.5 0.8 0.8 0.8 -1.86916E-17 3.08255E-14 7.11552E-16 -3.14357E-14 -3.03783E-14 -6.50322E-16
25 1.32E-07 0.2 0.55 0.8 0.8 0.2 0.55 0.8 0.8 0.8 -5.83822E-18 3.08255E-14 4.87237E-16 -3.12762E-14 -3.03783E-14 -4.84738E-16
25 1.32E-07 0.2 0.6 0.800001 0.8 0.2 0.6 0.8 0.8 0.800001 -4.51592E-11 -1.44865E-11 -1.51233E-11 7.47689E-11 -5.48148E-11 4.72836E-11
25 1.32E-07 0.2 0.65 0.8 0.8 0.2 0.65 0.8 0.8 0.8 -3.53052E-19 3.08255E-14 1.47105E-16 -3.10057E-14 -3.03783E-14 -2.13893E-16
25 1.32E-07 0.2 0.7 0.8 0.8 0.2 0.7 0.8 0.8 0.8 -7.30547E-19 3.08255E-14 1.68804E-16 -3.09119E-14 -3.03783E-14 -1.19534E-16
25 1.32E-07 0.2 0.75 0.8 0.8 0.2 0.75 0.8 0.8 0.8 -7.51673E-19 3.08255E-14 5.29879E-17 -3.08288E-14 -3.03783E-14 -3.63783E-17
25 1.32E-07 0.2 0.8 0.8 0.8 0.2 0.8 0.8 0.8 0.8 -1.09893E-21 3.08255E-14 4.81938E-17 -3.0778E-14 -3.03783E-14 1.3664E-17
25 1.32E-07 0.25 0.05 0.8 0.8 0.25 0.05 0.8 0.8 0.8 -3.48589E-13 1.25878E-14 5.03935E-13 -1.68006E-13 -1.23839E-14 -5.02522E-13
25 1.32E-07 0.25 0.1 0.8 0.8 0.25 0.1 0.8 0.8 0.8 -1.31789E-13 1.25878E-14 1.97915E-13 -7.87853E-14 -1.23839E-14 -1.96959E-13
25 1.32E-07 0.25 0.15 0.8 0.8 0.25 0.15 0.8 0.8 0.8 -4.89936E-14 1.25878E-14 7.76968E-14 -4.13424E-14 -1.23839E-14 -7.70535E-14
25 1.32E-07 0.25 0.2 0.8 0.8 0.25 0.2 0.8 0.8 0.8 -1.7906E-14 1.25878E-14 3.08255E-14 -2.5549E-14 -1.23839E-14 -3.041E-14
25 1.32E-07 0.25 0.25 0.8 0.8 0.25 0.25 0.8 0.8 0.8 -6.47117E-15 1.25878E-14 1.26288E-14 -1.88551E-14 -1.23839E-14 -1.2447E-14
25 1.32E-07 0.25 0.3 0.8 0.8 0.25 0.3 0.8 0.8 0.8 -2.27567E-15 1.25878E-14 5.5438E-15 -1.59109E-14 -1.23839E-14 -5.41809E-15
25 1.32E-07 0.25 0.35 0.8 0.8 0.25 0.35 0.8 0.8 0.8 -7.63899E-16 1.25878E-14 2.84608E-15 -1.4558E-14 -1.23839E-14 -2.61807E-15
25 1.32E-07 0.25 0.4 0.8 0.8 0.25 0.4 0.8 0.8 0.8 -2.43704E-16 1.25878E-14 1.5557E-15 -1.3901E-14 -1.23839E-14 -1.47261E-15
25 1.32E-07 0.25 0.45 0.8 0.8 0.25 0.45 0.8 0.8 0.8 -7.5218E-17 1.25878E-14 9.62362E-16 -1.35564E-14 -1.23839E-14 -9.76909E-16
25 1.32E-07 0.25 0.5 0.8 0.8 0.25 0.5 0.8 0.8 0.8 -2.18341E-17 1.25878E-14 7.11552E-16 -1.3292E-14 -1.23839E-14 -6.69922E-16
25 1.32E-07 0.25 0.55 0.8 0.8 0.25 0.55 0.8 0.8 0.8 -6.2872E-18 1.25878E-14 4.87237E-16 -1.30926E-14 -1.23839E-14 -4.61726E-16
25 1.32E-07 0.25 0.6 0.8 0.8 0.25 0.6 0.8 0.8 0.8 -1.64692E-18 1.25878E-14 2.62921E-16 -1.29807E-14 -1.23839E-14 -3.4905E-16
25 1.32E-07 0.25 0.65 0.8 0.8 0.25 0.65 0.8 0.8 0.8 -3.66961E-19 1.25878E-14 1.47105E-16 -1.2849E-14 -1.23839E-14 -2.17401E-16
25 1.32E-07 0.25 0.7 0.8 0.8 0.25 0.7 0.8 0.8 0.8 -7.28513E-19 1.25878E-14 1.68804E-16 -1.27311E-14 -1.23839E-14 -9.88457E-17
25 1.32E-07 0.25 0.75 0.8 0.8 0.25 0.75 0.8 0.8 0.8 -7.51712E-19 1.25878E-14 5.29879E-17 -1.26887E-14 -1.23839E-14 -5.63924E-17
25 1.32E-07 0.25 0.8 0.8 0.8 0.25 0.8 0.8 0.8 0.8 -8.76756E-22 1.25878E-14 4.81938E-17 -1.26212E-14 -1.23839E-14 1.03527E-17
25 1.32E-07 0.3 0.05 0.8 0.8 0.3 0.05 0.8 0.8 0.8 -3.90921E-13 5.5438E-15 5.03935E-13 -1.18602E-13 -5.41123E-15 -5.02534E-13
25 1.32E-07 0.3 0.1 0.8 0.8 0.3 0.1 0.8 0.8 0.8 -1.49305E-13 5.5438E-15 1.97915E-13 -5.41991E-14 -5.41123E-15 -1.96973E-13
25 1.32E-07 0.3 0.15 0.8 0.8 0.3 0.15 0.8 0.8 0.8 -5.62875E-14 5.5438E-15 7.76968E-14 -2.69835E-14 -5.41123E-15 -7.70719E-14
25 1.32E-07 0.3 0.2 0.8 0.8 0.3 0.2 0.8 0.8 0.8 -2.09791E-14 5.5438E-15 3.08255E-14 -1.54064E-14 -5.41123E-15 -3.04238E-14
25 1.32E-07 0.3 0.25 0.8 0.8 0.3 0.25 0.8 0.8 0.8 -7.76027E-15 5.5438E-15 1.26288E-14 -1.04324E-14 -5.41123E-15 -1.23968E-14
25 1.32E-07 0.3 0.3 0.8 0.8 0.3 0.3 0.8 0.8 0.8 -2.85216E-15 5.5438E-15 5.5438E-15 -8.26339E-15 -5.41123E-15 -5.4304E-15
25 1.32E-07 0.3 0.35 0.8 0.8 0.3 0.35 0.8 0.8 0.8 -1.00931E-15 5.5438E-15 2.84608E-15 -7.25781E-15 -5.41123E-15 -2.64667E-15
25 1.32E-07 0.3 0.4 0.8 0.8 0.3 0.4 0.8 0.8 0.8 -3.36247E-16 5.5438E-15 1.5557E-15 -6.75756E-15 -5.41123E-15 -1.50511E-15
25 1.32E-07 0.3 0.45 0.8 0.8 0.3 0.45 0.8 0.8 0.8 -1.02999E-16 5.5438E-15 9.62362E-16 -6.4568E-15 -5.41123E-15 -9.88419E-16
25 1.32E-07 0.3 0.5 0.8 0.8 0.3 0.5 0.8 0.8 0.8 -2.82977E-17 5.5438E-15 7.11552E-16 -6.1984E-15 -5.41123E-15 -6.66142E-16
25 1.32E-07 0.3 0.55 0.8 0.8 0.3 0.55 0.8 0.8 0.8 -7.77014E-18 5.5438E-15 4.87237E-16 -6.02091E-15 -5.41123E-15 -4.74869E-16
25 1.32E-07 0.3 0.6 0.8 0.8 0.3 0.6 0.8 0.8 0.8 -1.91534E-18 5.5438E-15 2.62921E-16 -5.89154E-15 -5.41123E-15 -3.43532E-16
25 1.32E-07 0.3 0.65 0.8 0.8 0.3 0.65 0.8 0.8 0.8 -3.87265E-19 5.5438E-15 1.47105E-16 -5.73074E-15 -5.41123E-15 -1.82505E-16
25 1.32E-07 0.3 0.7 0.8 0.8 0.3 0.7 0.8 0.8 0.8 -7.33413E-19 5.5438E-15 1.68804E-16 -5.65193E-15 -5.41123E-15 -1.03073E-16
25 1.32E-07 0.3 0.75 0.8 0.8 0.3 0.75 0.8 0.8 0.8 -7.51378E-19 5.5438E-15 5.29879E-17 -5.58986E-15 -5.41123E-15 -4.09305E-17
25 1.32E-07 0.3 0.8 0.8 0.8 0.3 0.8 0.8 0.8 0.8 -6.07724E-22 5.5438E-15 4.81938E-17 -5.53073E-15 -5.41123E-15 1.74658E-17
25 1.32E-07 0.35 0.05 0.8 0.8 0.35 0.05 0.8 0.8 0.8 -4.35055E-13 2.84608E-15 5.03935E-13 -7.15662E-14 -2.61393E-15 -5.02494E-13
25 1.32E-07 0.35 0.1 0.8 0.8 0.35 0.1 0.8 0.8 0.8 -1.67968E-13 2.84608E-15 1.97915E-13 -3.26589E-14 -2.61393E-15 -1.96957E-13
25 1.32E-07 0.35 0.15 0.8 0.8 0.35 0.15 0.8 0.8 0.8 -6.42975E-14 2.84608E-15 7.76968E-14 -1.61039E-14 -2.61393E-15 -7.70643E-14
25 1.32E-07 0.35 0.2 0.8 0.8 0.35 0.2 0.8 0.8 0.8 -2.45203E-14 2.84608E-15 3.08255E-14 -9.00925E-15 -2.61393E-15 -3.04299E-14
25 1.32E-07 0.35 0.25 0.800001 0.8 0.35 0.25 0.8 0.8 0.800001 5.30398E-11 -1.66524E-11 -1.79785E-11 -1.84089E-11 -5.64683E-11 4.86119E-11
25 1.32E-07 0.35 0.3 0.8 0.8 0.35 0.3 0.8 0.8 0.8 -3.65839E-15 2.84608E-15 5.5438E-15 -4.61487E-15 -2.61393E-15 -5.4501E-15
25 1.32E-07 0.35 0.35 0.8 0.8 0.35 0.35 0.8 0.8 0.8 -1.40449E-15 2.84608E-15 2.84608E-15 -4.01843E-15 -2.61393E-15 -2.66443E-15
25 1.32E-07 0.35 0.4 0.8 0.8 0.35 0.4 0.8 0.8 0.8 -5.0192E-16 2.84608E-15 1.5557E-15 -3.71614E-15 -2.61393E-15 -1.49134E-15
25 1.32E-07 0.35 0.45 0.8 0.8 0.35 0.45 0.8 0.8 0.8 -1.59941E-16 2.84608E-15 9.62362E-16 -3.51797E-15 -2.61393E-15 -9.68533E-16
25 1.32E-07 0.35 0.5 0.8 0.8 0.35 0.5 0.8 0.8 0.8 -4.31624E-17 2.84608E-15 7.11552E-16 -3.30778E-15 -2.61393E-15 -6.52388E-16
25 1.32E-07 0.35 0.55 0.8 0.8 0.35 0.55 0.8 0.8 0.8 -1.11858E-17 2.84608E-15 4.87237E-16 -3.15034E-15 -2.61393E-15 -4.69711E-16
25 1.32E-07 0.35 0.6 0.8 0.8 0.35 0.6 0.8 0.8 0.8 -2.58015E-18 2.84608E-15 2.62921E-16 -3.01795E-15 -2.61393E-15 -3.32599E-16
25 1.32E-07 0.35 0.65 0.8 0.8 0.35 0.65 0.8 0.8 0.8 -5.09834E-19 2.84608E-15 1.47105E-16 -2.88552E-15 -2.61393E-15 -1.99391E-16
25 1.32E-07 0.35 0.7 0.8 0.8 0.35 0.7 0.8 0.8 0.8 -7.52154E-19 2.84608E-15 1.68804E-16 -2.80157E-15 -2.61393E-15 -1.14714E-16
25 1.32E-07 0.35 0.75 0.8 0.8 0.35 0.75 0.8 0.8 0.8 -7.54778E-19 2.84608E-15 5.29879E-17 -2.7505E-15 -2.61393E-15 -6.3557E-17
25 1.32E-07 0.35 0.8 0.8 0.8 0.35 0.8 0.8 0.8 0.8 -6.68919E-22 2.84608E-15 4.81938E-17 -2.6808E-15 -2.61393E-15 5.39772E-18
25 1.32E-07 0.4 0.05 0.8 0.8 0.4 0.05 0.8 0.8 0.8 -4.7031E-13 1.5557E-15 5.03935E-13 -3.51798E-14 -1.49538E-15 -5.02513E-13
25 1.32E-07 0.4 0.1 0.8 0.8 0.4 0.1 0.8 0.8 0.8 -1.83156E-13 1.5557E-15 1.97915E-13 -1.63034E-14 -1.49538E-15 -1.9694E-13
25 1.32E-07 0.4 0.15 0.8 0.8 0.4 0.15 0.8 0.8 0.8 -7.10175E-14 1.5557E-15 7.76968E-14 -8.23272E-15 -1.49538E-15 -7.70633E-14
25 1.32E-07 0.4 0.2 0.8 0.8 0.4 0.2 0.8 0.8 0.8 -2.76212E-14 1.5557E-15 3.08255E-14 -4.7552E-15 -1.49538E-15 -3.04271E-14
25 1.32E-07 0.4 0.25 0.8 0.8 0.4 0.25 0.8 0.8 0.8 -1.09332E-14 1.5557E-15 1.26288E-14 -3.2492E-15 -1.49538E-15 -1.23988E-14
25 1.32E-07 0.4 0.3 0.8 0.8 0.4 0.3 0.8 0.8 0.8 -4.48337E-15 1.5557E-15 5.5438E-15 -2.60735E-15 -1.49538E-15 -5.41787E-15
25 1.32E-07 0.4 0.35 0.8 0.8 0.4 0.35 0.8 0.8 0.8 -1.90513E-15 1.5557E-15 2.84608E-15 -2.36007E-15 -1.49538E-15 -2.65704E-15
25 1.32E-07 0.4 0.4 0.8 0.8 0.4 0.4 0.8 0.8 0.8 -7.87604E-16 1.5557E-15 1.5557E-15 -2.28298E-15 -1.49538E-15 -1.49417E-15
25 1.32E-07 0.4 0.45 0.8 0.8 0.4 0.45 0.8 0.8 0.8 -2.97695E-16 1.5557E-15 9.62362E-16 -2.27188E-15 -1.49538E-15 -1.01051E-15
25 1.32E-07 0.4 0.5 0.8 0.8 0.4 0.5 0.8 0.8 0.8 -7.82769E-17 1.5557E-15 7.11552E-16 -2.09496E-15 -1.49538E-15 -6.24984E-16
25 1.32E-07 0.4 0.55 0.8 0.8 0.4 0.55 0.8 0.8 0.8 -2.09474E-17 1.5557E-15 4.87237E-16 -2.00516E-15 -1.49538E-15 -4.8459E-16
25 1.32E-07 0.4 0.6 0.8 0.8 0.4 0.6 0.8 0.8 0.8 -5.04754E-18 1.5557E-15 2.62921E-16 -1.92077E-15 -1.49538E-15 -3.88191E-16
25 1.32E-07 0.4 0.65 0.8 0.8 0.4 0.65 0.8 0.8 0.8 -8.81346E-19 1.5557E-15 1.47105E-16 -1.75629E-15 -1.49538E-15 -2.20849E-16
25 1.32E-07 0.4 0.7 0.8 0.8 0.4 0.7 0.8 0.8 0.8 -7.91247E-19 1.5557E-15 1.68804E-16 -1.63804E-15 -1.49538E-15 -1.01527E-16
25 1.32E-07 0.4 0.75 0.8 0.8 0.4 0.75 0.8 0.8 0.8 -7.59349E-19 1.5557E-15 5.29879E-17 -1.5854E-15 -1.49538E-15 -4.87735E-17
25 1.32E-07 0.4 0.8 0.8 0.8 0.4 0.8 0.8 0.8 0.8 -2.02075E-22 1.5557E-15 4.81938E-17 -1.51983E-15 -1.49538E-15 1.60621E-17
25 1.32E-07 0.45 0.05 0.8 0.8 0.45 0.05 0.8 0.8 0.8 -4.90714E-13 9.62362E-16 5.03935E-13 -1.42995E-14 -9.98553E-16 -5.02551E-13
25 1.32E-07 0.45 0.1 0.8 0.8 0.45 0.1 0.8 0.8 0.8 -1.92055E-13 9.62362E-16 1.97915E-13 -6.87727E-15 -9.98553E-16 -1.96927E-13
25 1.32E-07 0.45 0.15 0.8 0.8 0.45 0.15 0.8 0.8 0.8 -7.50264E-14 9.62362E-16 7.76968E-14 -3.69549E-15 -9.98553E-16 -7.70492E-14
25 1.32E-07 0.45 0.2 0.8 0.8 0.45 0.2 0.8 0.8 0.8 -2.9538E-14 9.62362E-16 3.08255E-14 -2.32144E-15 -9.98553E-16 -3.04243E-14
25 1.32E-07 0.45 0.25 0.8 0.8 0.45 0.25 0.8 0.8 0.8 -1.19592E-14 9.62362E-16 1.26288E-14 -1.72824E-15 -9.98553E-16 -1.2418E-14
25 1.32E-07 0.45 0.3 0.8 0.8 0.45 0.3 0.8 0.8 0.8 -5.11884E-15 9.62362E-16 5.5438E-15 -1.48261E-15 -9.98553E-16 -5.44277E-15
25 1.32E-07 0.45 0.35 0.8 0.8 0.45 0.35 0.8 0.8 0.8 -2.34705E-15 9.62362E-16 2.84608E-15 -1.40515E-15 -9.98553E-16 -2.6582E-15
25 1.32E-07 0.45 0.4 0.8 0.8 0.45 0.4 0.8 0.8 0.8 -1.14563E-15 9.62362E-16 1.5557E-15 -1.4359E-15 -9.98553E-16 -1.51928E-15
25 1.32E-07 0.45 0.45 0.8 0.8 0.45 0.45 0.8 0.8 0.8 -5.12139E-16 9.62362E-16 9.62362E-16 -1.51069E-15 -9.98553E-16 -9.77917E-16
25 1.32E-07 0.45 0.5 0.8 0.8 0.45 0.5 0.8 0.8 0.8 -1.7134E-16 9.62362E-16 7.11552E-16 -1.51223E-15 -9.98553E-16 -6.49472E-16
25 1.32E-07 0.45 0.55 0.8 0.8 0.45 0.55 0.8 0.8 0.8 -4.42885E-17 9.62362E-16 4.87237E-16 -1.4337E-15 -9.98553E-16 -4.50636E-16
25 1.32E-07 0.45 0.6 0.8 0.8 0.45 0.6 0.8 0.8 0.8 -1.06058E-17 9.62362E-16 2.62921E-16 -1.36703E-15 -9.98553E-16 -3.54175E-16
25 1.32E-07 0.45 0.65 0.8 0.8 0.45 0.65 0.8 0.8 0.8 -1.77852E-18 9.62362E-16 1.47105E-16 -1.22387E-15 -9.98553E-16 -2.03487E-16
25 1.32E-07 0.45 0.7 0.8 0.8 0.45 0.7 0.8 0.8 0.8 -8.95968E-19 9.62362E-16 1.68804E-16 -1.11112E-15 -9.98553E-16 -8.88833E-17
25 1.32E-07 0.45 0.75 0.8 0.8 0.45 0.75 0.8 0.8 0.8 -7.71287E-19 9.62362E-16 5.29879E-17 -1.06063E-15 -9.98553E-16 -3.81745E-17
25 1.32E-07 0.45 0.8 0.8 0.8 0.45 0.8 0.8 0.8 0.8 4.89081E-22 9.62362E-16 4.81938E-17 -9.92888E-16 -9.85138E-16 1.54304E-17
25 1.32E-07 0.5 0.05 0.8 0.8 0.5 0.05 0.8 0.8 0.8 -4.99545E-13 7.93557E-16 5.03935E-13 -5.0771E-15 -6.20615E-16 -5.02548E-13
25 1.32E-07 0.5 0.1 0.8 0.8 0.5 0.1 0.8 0.8 0.8 -1.95963E-13 7.93557E-16 1.97915E-13 -2.59615E-15 -6.20615E-16 -1.96943E-13
25 1.32E-07 0.5 0.15 0.8 0.8 0.5 0.15 0.8 0.8 0.8 -7.67894E-14 7.93557E-16 7.76968E-14 -1.53098E-15 -6.20615E-16 -7.70365E-14
25 1.32E-07 0.5 0.2 0.8 0.8 0.5 0.2 0.8 0.8 0.8 -3.04075E-14 7.93557E-16 3.08255E-14 -1.07093E-15 -6.20615E-16 -3.04321E-14
25 1.32E-07 0.5 0.25 0.8 0.8 0.5 0.25 0.8 0.8 0.8 -1.2423E-14 7.93557E-16 1.26288E-14 -8.7227E-16 -6.20615E-16 -1.24146E-14
25 1.32E-07 0.5 0.3 0.8 0.8 0.5 0.3 0.8 0.8 0.8 -5.37367E-15 7.93557E-16 5.5438E-15 -7.90057E-16 -6.20615E-16 -5.3938E-15
25 1.32E-07 0.5 0.35 0.800005 0.8 0.5 0.35 0.8 0.8 0.800005 1.21507E-10 -2.43316E-11 -2.72734E-11 -6.9902E-11 -8.12944E-11 8.17082E-11
25 1.32E-07 0.5 0.4 0.800031 0.8 0.5 0.4 0.8 0.8 0.800031 3.20209E-10 -7.10788E-11 -8.09176E-11 -1.68212E-10 -2.37523E-10 2.44717E-10
25 1.32E-07 0.5 0.45 0.8 0.8 0.5 0.45 0.8 0.8 0.8 -7.72048E-16 7.93557E-16 9.62362E-16 -8.76947E-16 -6.20615E-16 -9.92838E-16
25 1.32E-07 0.5 0.5 0.8 0.8 0.5 0.5 0.8 0.8 0.8 -3.50471E-16 7.93557E-16 7.11552E-16 -9.71086E-16 -6.20615E-16 -6.76218E-16
25 1.32E-07 0.5 0.55 0.8 0.8 0.5 0.55 0.8 0.8 0.8 -1.20504E-16 7.93557E-16 4.87237E-16 -1.02216E-15 -6.20615E-16 -5.04061E-16
25 1.32E-07 0.5 0.6 0.8 0.8 0.5 0.6 0.8 0.8 0.8 -2.76079E-17 7.93557E-16 2.62921E-16 -9.49075E-16 -6.20615E-16 -3.41978E-16
25 1.32E-07 0.5 0.65 0.8 0.8 0.5 0.65 0.8 0.8 0.8 -5.39136E-18 7.93557E-16 1.47105E-16 -8.59611E-16 -6.20615E-16 -2.31595E-16
25 1.32E-07 0.5 0.7 0.8 0.8 0.5 0.7 0.8 0.8 0.8 -1.25094E-18 7.93557E-16 1.68804E-16 -7.20978E-16 -6.20615E-16 -8.78477E-17
25 1.32E-07 0.5 0.75 0.8 0.8 0.5 0.75 0.8 0.8 0.8 -8.52399E-19 7.93557E-16 5.29879E-17 -6.97252E-16 -6.20615E-16 -6.3636E-17
25 1.32E-07 0.5 0.8 0.8 0.8 0.5 0.8 0.8 0.8 0.8 5.60216E-21 7.11552E-16 4.81938E-17 -6.19725E-16 -6.28016E-16 2.06579E-17
25 1.32E-07 0.55 0.05 0.8 0.8 0.55 0.05 0.8 0.8 0.8 -5.02626E-13 4.87237E-16 5.03935E-13 -1.72555E-15 -3.89781E-16 -5.02515E-13
25 1.32E-07 0.55 0.1 0.8 0.8 0.55 0.1 0.8 0.8 0.8 -1.97385E-13 4.87237E-16 1.97915E-13 -9.83102E-16 -3.89781E-16 -1.9699E-13
25 1.32E-07 0.55 0.15 0.8 0.8 0.55 0.15 0.8 0.8 0.8 -7.74385E-14 4.87237E-16 7.76968E-14 -6.64039E-16 -3.89781E-16 -7.70561E-14
25 1.32E-07 0.55 0.2 0.8 0.8 0.55 0.2 0.8 0.8 0.8 -3.06973E-14 4.87237E-16 3.08255E-14 -5.26073E-16 -3.89781E-16 -3.04145E-14
25 1.32E-07 0.55 0.25 0.8 0.8 0.55 0.25 0.8 0.8 0.8 -1.26039E-14 4.87237E-16 1.26288E-14 -4.66742E-16 -3.89781E-16 -1.24276E-14
25 1.32E-07 0.55 0.3 0.8 0.8 0.55 0.3 0.8 0.8 0.8 -5.48795E-15 4.87237E-16 5.5438E-15 -4.4224E-16 -3.89781E-16 -5.39783E-15
25 1.32E-07 0.55 0.35 0.800009 0.8 0.55 0.35 0.8 0.8 0.800009 2.2038E-10 -4.102E-11 -4.65636E-11 -1.32796E-10 -1.38803E-10 1.39668E-10
25 1.32E-07 0.55 0.4 0.800019 0.8 0.55 0.4 0.8 0.8 0.800019 2.02764E-10 -3.8851E-11 -4.48068E-11 -1.19107E-10 -1.31479E-10 1.35424E-10
25 1.32E-07 0.55 0.45 0.800136 0.8 0.55 0.45 0.8 0.8 0.800136 5.38669E-10 -1.13574E-10 -1.31243E-10 -2.93852E-10 -3.84434E-10 3.99744E-10
25 1.32E-07 0.55 0.5 0.8 0.8 0.55 0.5 0.8 0.8 0.8 -5.00444E-16 4.87237E-16 7.11552E-16 -5.39727E-16 -3.89781E-16 -6.32403E-16
25 1.32E-07 0.55 0.55 0.8 0.8 0.55 0.55 0.8 0.8 0.8 -2.48802E-16 4.87237E-16 4.87237E-16 -6.38583E-16 -3.89781E-16 -4.86354E-16
25 1.32E-07 0.55 0.6 0.8 0.8 0.55 0.6 0.8 0.8 0.8 -7.41738E-17 4.87237E-16 2.62921E-16 -6.55571E-16 -3.89781E-16 -3.32613E-16
25 1.32E-07 0.55 0.65 0.8 0.8 0.55 0.65 0.8 0.8 0.8 -1.65909E-17 4.87237E-16 1.47105E-16 -6.11862E-16 -3.89781E-16 -2.32616E-16
25 1.32E-07 0.55 0.7 0.8 0.8 0.55 0.7 0.8 0.8 0.8 -3.4023E-18 4.87237E-16 1.68804E-16 -5.3062E-16 -3.89781E-16 -1.37212E-16
25 1.32E-07 0.55 0.75 0.8 0.8 0.55 0.75 0.8 0.8 0.8 -9.76929E-19 4.87237E-16 5.29879E-17 -4.38178E-16 -3.89781E-16 -4.2257E-17
25 1.32E-07 0.55 0.8 0.8 0.8 0.55 0.8 0.8 0.8 0.8 2.63562E-20 4.05231E-16 4.81938E-17 -3.79727E-16 -3.97182E-16 2.31063E-17
25 1.32E-07 0.6 0.05 0.8 0.8 0.6 0.05 0.8 0.8 0.8 -5.03585E-13 2.62921E-16 5.03935E-13 -6.86152E-16 -3.1299E-16 -5.02515E-13
25 1.32E-07 0.6 0.1 0.8 0.8 0.6 0.1 0.8 0.8 0.8 -1.97745E-13 2.62921E-16 1.97915E-13 -4.7877E-16 -3.1299E-16 -1.96926E-13
25 1.32E-07 0.6 0.15 0.8 0.8 0.6 0.15 0.8 0.8 0.8 -7.76185E-14 2.62921E-16 7.76968E-14 -3.89701E-16 -3.1299E-16 -7.70426E-14
25 1.32E-07 0.6 0.2 0.8 0.8 0.6 0.2 0.8 0.8 0.8 -3.07858E-14 2.62921E-16 3.08255E-14 -3.51172E-16 -3.1299E-16 -3.04088E-14
25 1.32E-07 0.6 0.25 0.8 0.8 0.6 0.25 0.8 0.8 0.8 -1.26451E-14 2.62921E-16 1.26288E-14 -3.34592E-16 -3.1299E-16 -1.24173E-14
25 1.32E-07 0.6 0.3 0.8 0.8 0.6 0.3 0.8 0.8 0.8 -5.54201E-15 2.62921E-16 5.5438E-15 -3.27832E-16 -3.1299E-16 -5.41817E-15
25 1.32E-07 0.6 0.35 0.8 0.8 0.6 0.35 0.8 0.8 0.8 -2.66678E-15 2.62921E-16 2.84608E-15 -3.26129E-16 -3.1299E-16 -2.60591E-15
25 1.32E-07 0.6 0.4 0.800016 0.8 0.6 0.4 0.8 0.8 0.800016 1.73533E-10 -3.13961E-11 -3.68679E-11 -1.05269E-10 -1.08176E-10 1.11415E-10
25 1.32E-07 0.6 0.45 0.800095 0.8 0.6 0.45 0.8 0.8 0.800095 3.93832E-10 -7.31647E-11 -8.60693E-11 -2.34597E-10 -2.52163E-10 2.61998E-10
25 1.32E-07 0.6 0.5 0.8 0.8 0.6 0.5 0.8 0.8 0.8 -6.5092E-16 2.62921E-16 7.11552E-16 -3.67357E-16 -3.1299E-16 -6.91198E-16
25 1.32E-07 0.6 0.55 0.8 0.8 0.6 0.55 0.8 0.8 0.8 -3.59972E-16 2.62921E-16 4.87237E-16 -4.13419E-16 -3.1299E-16 -4.53048E-16
25 1.32E-07 0.6 0.6 0.8 0.8 0.6 0.6 0.8 0.8 0.8 -1.79506E-16 2.62921E-16 2.62921E-16 -4.92497E-16 -3.1299E-16 -3.55558E-16
25 1.32E-07 0.6 0.65 0.8 0.8 0.6 0.65 0.8 0.8 0.8 -3.71111E-17 2.62921E-16 1.47105E-16 -4.51577E-16 -3.1299E-16 -1.73539E-16
25 1.32E-07 0.6 0.7 0.8 0.8 0.6 0.7 0.8 0.8 0.8 -8.02265E-18 2.62921E-16 1.68804E-16 -4.18182E-16 -3.1299E-16 -1.10082E-16
25 1.32E-07 0.6 0.75 0.8 0.8 0.6 0.75 0.8 0.8 0.8 -1.00326E-18 2.62921E-16 5.29879E-17 -3.28012E-16 -3.1299E-16 -1.28052E-17
25 1.32E-07 0.6 0.8 0.8 0.8 0.6 0.8 0.8 0.8 0.8 1.03415E-19 3.44926E-16 4.81938E-17 -2.91685E-16 -3.1299E-16 2.31361E-17
25 1.32E-07 0.65 0.05 0.8 0.8 0.65 0.05 0.8 0.8 0.8 -5.03856E-13 1.47105E-16 5.03935E-13 -2.87635E-16 -1.87628E-16 -5.02514E-13
25 1.32E-07 0.65 0.1 0.8 0.8 0.65 0.1 0.8 0.8 0.8 -1.97862E-13 1.47105E-16 1.97915E-13 -2.3205E-16 -1.87628E-16 -1.96923E-13
25 1.32E-07 0.65 0.15 0.8 0.8 0.65 0.15 0.8 0.8 0.8 -7.76567E-14 1.47105E-16 7.76968E-14 -2.08173E-16 -1.87628E-16 -7.70259E-14
25 1.32E-07 0.65 0.2 0.8 0.8 0.65 0.2 0.8 0.8 0.8 -3.07876E-14 1.47105E-16 3.08255E-14 -1.97841E-16 -1.87628E-16 -3.0384E-14
25 1.32E-07 0.65 0.25 0.8 0.8 0.65 0.25 0.8 0.8 0.8 -1.26457E-14 1.47105E-16 1.26288E-14 -1.93399E-16 -1.87628E-16 -1.24034E-14
25 1.32E-07 0.65 0.3 0.800002 0.8 0.65 0.3 0.8 0.8 0.800002 1.04206E-10 -1.83287E-11 -2.12809E-11 -6.45967E-11 -6.47121E-11 6.16792E-11
25 1.32E-07 0.65 0.35 0.800004 0.8 0.65 0.35 0.8 0.8 0.800004 9.24898E-11 -1.62137E-11 -1.92156E-11 -5.70605E-11 -5.72476E-11 5.75534E-11
25 1.32E-07 0.65 0.4 0.800014 0.8 0.65 0.4 0.8 0.8 0.800014 1.5239E-10 -2.66926E-11 -3.21245E-11 -9.35732E-11 -9.42553E-11 9.70695E-11
25 1.32E-07 0.65 0.45 0.8 0.8 0.65 0.45 0.8 0.8 0.8 -9.81739E-16 1.47105E-16 9.62362E-16 -1.94938E-16 -1.87628E-16 -9.65439E-16
25 1.32E-07 0.65 0.5 0.8 0.8 0.65 0.5 0.8 0.8 0.8 -6.55408E-16 1.47105E-16 7.11552E-16 -2.02276E-16 -1.87628E-16 -6.57264E-16
25 1.32E-07 0.65 0.55 0.8 0.8 0.65 0.55 0.8 0.8 0.8 -4.49263E-16 1.47105E-16 4.87237E-16 -2.21185E-16 -1.87628E-16 -4.76765E-16
25 1.32E-07 0.65 0.6 0.8 0.8 0.65 0.6 0.8 0.8 0.8 -4.09554E-12 1.36496E-12 7.224E-13 2.00817E-12 2.00894E-12 4.3491E-12
25 1.32E-07 0.65 0.65 0.8 0.8 0.65 0.65 0.8 0.8 0.8 -1.21159E-16 1.47105E-16 1.47105E-16 -3.08787E-16 -1.87628E-16 -2.41456E-16
25 1.32E-07 0.65 0.7 0.8 0.8 0.65 0.7 0.8 0.8 0.8 -3.2229E-17 1.47105E-16 1.68804E-16 -3.08216E-16 -1.87628E-16 -1.50982E-16
25 1.32E-07 0.65 0.75 0.8 0.8 0.65 0.75 0.8 0.8 0.8 -3.38429E-18 1.47105E-16 5.29879E-17 -2.26779E-16 -1.87628E-16 -4.06118E-17
25 1.32E-07 0.65 0.8 0.8 0.8 0.65 0.8 0.8 0.8 0.8 1.62958E-19 1.47105E-16 4.81938E-17 -1.78485E-16 -1.87628E-16 9.73703E-18
25 1.32E-07 0.7 0.05 0.8 0.8 0.7 0.05 0.8 0.8 0.8 -5.03967E-13 1.68804E-16 5.03935E-13 -1.37219E-16 -1.10375E-16 -5.02551E-13
25 1.32E-07 0.7 0.1 0.8 0.8 0.7 0.1 0.8 0.8 0.8 -1.97898E-13 1.68804E-16 1.97915E-13 -1.22657E-16 -1.10375E-16 -1.96925E-13
25 1.32E-07 0.7 0.15 0.8 0.8 0.7 0.15 0.8 0.8 0.8 -7.76592E-14 1.68804E-16 7.76968E-14 -1.16402E-16 -1.10375E-16 -7.70129E-14
25 1.32E-07 0.7 0.2 0.8 0.8 0.7 0.2 0.8 0.8 0.8 -3.08383E-14 1.68804E-16 3.08255E-14 -1.137E-16 -1.10375E-16 -3.04268E-14
25 1.32E-07 0.7 0.25 0.8 0.8 0.7 0.25 0.8 0.8 0.8 -1.26767E-14 1.68804E-16 1.26288E-14 -1.12536E-16 -1.10375E-16 -1.24299E-14
25 1.32E-07 0.7 0.3 0.800002 0.8 0.7 0.3 0.8 0.8 0.800002 7.98846E-11 -1.36639E-11 -1.63955E-11 -4.98252E-11 -4.98485E-11 4.74977E-11
25 1.32E-07 0.7 0.35 0.8 0.8 0.7 0.35 0.8 0.8 0.8 -2.72218E-15 1.68804E-16 2.84608E-15 -1.11957E-16 -1.10375E-16 -2.65008E-15
25 1.32E-07 0.7 0.4 0.800023 0.8 0.7 0.4 0.8 0.8 0.800023 2.54089E-10 -4.31685E-11 -5.36859E-11 -1.57235E-10 -1.57533E-10 1.6231E-10
25 1.32E-07 0.7 0.45 0.8 0.8 0.7 0.45 0.8 0.8 0.8 -1.01831E-15 1.68804E-16 9.62362E-16 -1.13005E-16 -1.10375E-16 -9.96356E-16
25 1.32E-07 0.7 0.5 0.800269 0.8 0.7 0.5 0.8 0.8 0.800269 3.66658E-10 -6.23276E-11 -7.80959E-11 -2.26234E-10 -2.29684E-10 2.42418E-10
25 1.32E-07 0.7 0.55 0.800014 0.8 0.7 0.55 0.8 0.8 0.800014 2.54183E-12 3.15642E-13 -9.00093E-13 -1.95723E-12 -2.14394E-12 7.35537E-12
25 1.32E-07 0.7 0.6 0.8 0.8 0.7 0.6 0.8 0.8 0.8 -3.3146E-16 1.68804E-16 2.62921E-16 -1.34273E-16 -1.10375E-16 -3.52226E-16
25 1.32E-07 0.7 0.65 0.8 0.8 0.7 0.65 0.8 0.8 0.8 -2.64478E-13 1.00953E-13 5.67306E-14 1.06798E-13 1.07141E-13 2.82256E-13
25 1.32E-07 0.7 0.7 0.8 0.8 0.7 0.7 0.8 0.8 0.8 -5.54147E-17 1.68804E-16 1.68804E-16 -1.65789E-16 -1.10375E-16 -1.08019E-16
25 1.32E-07 0.7 0.75 0.8 0.8 0.7 0.75 0.8 0.8 0.8 -1.48758E-17 1.68804E-16 5.29879E-17 -1.65696E-16 -1.10375E-16 -6.72996E-17
25 1.32E-07 0.7 0.8 0.8 0.8 0.7 0.8 0.8 0.8 0.8 1.48321E-18 1.68804E-16 4.81938E-17 -8.87681E-17 -1.10375E-16 2.44949E-17
25 1.32E-07 0.75 0.05 0.8 0.8 0.75 0.05 0.8 0.8 0.8 -5.03944E-13 5.29879E-17 5.03935E-13 -4.10929E-17 -3.35842E-17 -5.02509E-13
25 1.32E-07 0.75 0.1 0.8 0.8 0.75 0.1 0.8 0.8 0.8 -1.97898E-13 5.29879E-17 1.97915E-13 -3.73262E-17 -3.35842E-17 -1.96917E-13
25 1.32E-07 0.75 0.15 0.8 0.8 0.75 0.15 0.8 0.8 0.8 -7.76743E-14 5.29879E-17 7.76968E-14 -3.57082E-17 -3.35842E-17 -7.7024E-14
25 1.32E-07 0.75 0.2 0.8 0.8 0.75 0.2 0.8 0.8 0.8 -3.08424E-14 5.29879E-17 3.08255E-14 -3.50091E-17 -3.35842E-17 -3.04289E-14
25 1.32E-07 0.75 0.25 0.8 0.8 0.75 0.25 0.8 0.8 0.8 -1.26485E-14 5.29879E-17 1.26288E-14 -3.4707E-17 -3.35842E-17 -1.24005E-14
25 1.32E-07 0.75 0.3 0.8 0.8 0.75 0.3 0.8 0.8 0.8 -5.58352E-15 5.29879E-17 5.5438E-15 -3.45862E-17 -3.35842E-17 -5.44607E-15
25 1.32E-07 0.75 0.35 0.8 0.8 0.75 0.35 0.8 0.8 0.8 -2.70513E-15 5.29879E-17 2.84608E-15 -3.45566E-17 -3.35842E-17 -2.63234E-15
25 1.32E-07 0.75 0.4 0.800026 0.8 0.75 0.4 0.8 0.8 0.800026 2.88266E-10 -4.72346E-11 -6.12849E-11 -1.79746E-10 -1.79834E-10 1.85316E-10
25 1.32E-07 0.75 0.45 0.800104 0.8 0.75 0.45 0.8 0.8 0.800104 4.35587E-10 -7.13179E-11 -9.27837E-11 -2.71486E-10 -2.71834E-10 2.82492E-10
25 1.32E-07 0.75 0.5 0.800217 0.8 0.75 0.5 0.8 0.8 0.800217 2.95501E-10 -4.80921E-11 -6.29313E-11 -1.84478E-10 -1.85198E-10 1.94917E-10
25 1.32E-07 0.75 0.55 0.8 0.8 0.75 0.55 0.8 0.8 0.8 -4.83012E-16 5.29879E-17 4.87237E-16 -3.67603E-17 -3.35842E-17 -4.79071E-16
25 1.32E-07 0.75 0.6 0.8 0.8 0.75 0.6 0.8 0.8 0.8 -3.47656E-16 5.29879E-17 2.62921E-16 -4.06251E-17 -3.35842E-17 -3.51477E-16
25 1.32E-07 0.75 0.65 0.8 0.8 0.75 0.65 0.8 0.8 0.8 -1.62045E-13 7.22175E-14 3.0817E-14 5.88559E-14 5.92565E-14 1.72917E-13
25 1.32E-07 0.75 0.7             
25 1.32E-07 0.75 0.75 0.8 0.8 0.75 0.75 0.8 0.8 0.8 -2.60606E-17 5.29879E-17 5.29879E-17 -5.96449E-17 -3.35842E-17 -4.91362E-17
25 1.32E-07 0.75 0.8 0.8 0.8 0.75 0.8 0.8 0.8 0.8 2.70199E-18 5.29879E-17 4.81938E-17 -2.3817E-17 -3.35842E-17 1.39618E-17
25 1.32E-07 0.8 0.05 0.8 0.8 0.8 0.05 0.8 0.8 0.8 -5.03963E-13 4.81938E-17 5.03935E-13 4.88697E-17 5.06077E-17 -5.02524E-13
25 1.32E-07 0.8 0.1 0.8 0.8 0.8 0.1 0.8 0.8 0.8 -1.97926E-13 4.81938E-17 1.97915E-13 4.98377E-17 5.06077E-17 -1.96943E-13
25 1.32E-07 0.8 0.15 0.8 0.8 0.8 0.15 0.8 0.8 0.8 -7.76911E-14 4.81938E-17 7.76968E-14 5.02535E-17 5.06077E-17 -7.70405E-14
25 1.32E-07 0.8 0.2 0.8 0.8 0.8 0.2 0.8 0.8 0.8 -3.08466E-14 4.81938E-17 3.08255E-14 5.04332E-17 5.06077E-17 -3.04333E-14
25 1.32E-07 0.8 0.25 0.8 0.8 0.8 0.25 0.8 0.8 0.8 -1.26441E-14 4.81938E-17 1.26288E-14 5.05109E-17 5.06077E-17 -1.23966E-14
25 1.32E-07 0.8 0.3 0.8 0.8 0.8 0.3 0.8 0.8 0.8 -5.54073E-15 4.81938E-17 5.5438E-15 5.05425E-17 5.06077E-17 -5.40383E-15
25 1.32E-07 0.8 0.35 0.800006 0.8 0.8 0.35 0.8 0.8 0.800006 1.46805E-10 -2.31113E-11 -3.10847E-11 -9.26089E-11 -9.26139E-11 9.31539E-11
25 1.32E-07 0.8 0.4 0.800023 0.8 0.8 0.4 0.8 0.8 0.800023 2.56671E-10 -4.02665E-11 -5.50112E-11 -1.61393E-10 -1.61413E-10 1.66314E-10
25 1.32E-07 0.8 0.45 0.8 0.8 0.8 0.45 0.8 0.8 0.8 -1.01069E-15 4.81938E-17 9.62362E-16 5.04804E-17 5.06077E-17 -9.87642E-16
25 1.32E-07 0.8 0.5 0.8 0.8 0.8 0.5 0.8 0.8 0.8 -6.96413E-16 4.81938E-17 7.11552E-16 5.03405E-17 5.06077E-17 -6.84319E-16
25 1.32E-07 0.8 0.55 0.80001 0.8 0.8 0.55 0.8 0.8 0.80001 2.14E-12 3.03959E-13 -6.75973E-13 -1.76787E-12 -1.77562E-12 4.41525E-12
25 1.32E-07 0.8 0.6 0.8 0.8 0.8 0.6 0.8 0.8 0.8 -1.31496E-12 6.71178E-13 1.63289E-13 4.80527E-13 4.81153E-13 1.39424E-12
25 1.32E-07 0.8 0.65 0.8 0.8 0.8 0.65 0.8 0.8 0.8 -2.1448E-16 4.81938E-17 1.47105E-16 4.68767E-17 5.06077E-17 -2.1778E-16
25 1.32E-07 0.8 0.7 0.8 0.8 0.8 0.7 0.8 0.8 0.8 -1.05243E-16 4.81938E-17 1.68804E-16 4.36573E-17 5.06077E-17 -1.10788E-16
25 1.32E-07 0.8 0.75 0.8 0.8 0.8 0.75 0.8 0.8 0.8 -4.35702E-17 4.81938E-17 5.29879E-17 3.96019E-17 5.06077E-17 -5.30835E-17
25 1.32E-07 0.8 0.8 0.8 0.8 0.8 0.8 0.8 0.8 0.8 3.89881E-18 4.81938E-17 4.81938E-17 5.45065E-17 5.06077E-17 7.79762E-18
