
25 1.32E-07 0.05 0.663306 0.8 0.8 0.8 0.05 0.8 0.663306 7.15378E-11 -3.38113E-17 -1.34589E-15 -7.15365E-11 -1.33227E-17 5.12451E-17
25 1.32E-07 0.1 0.672741 0.8 0.8 0.8 0.1 0.8 0.672741 6.62769E-11 -3.38113E-17 -1.01787E-15 -6.62759E-11 -1.33227E-17 3.64819E-17
25 1.32E-07 0.15 0.681939 0.8 0.8 0.8 0.15 0.8 0.681939 6.14686E-11 4.81938E-17 -7.71857E-16 -6.14678E-11 -1.33227E-17 4.07599E-17
25 1.32E-07 0.2 0.690959 0.8 0.8 0.8 0.2 0.8 0.690959 5.7031E-11 4.81938E-17 -6.07847E-16 -5.70304E-11 -1.33227E-17 4.62544E-17
25 1.32E-07 0.25 0.699852 0.8 0.8 0.8 0.25 0.8 0.699852 5.28949E-11 4.81938E-17 -6.07847E-16 -5.28944E-11 -1.33227E-17 6.41256E-17
25 1.32E-07 0.3 0.708652 0.8 0.8 0.8 0.3 0.8 0.708652 4.90023E-11 4.81938E-17 -4.43837E-16 -4.9002E-11 1.44329E-17 2.97865E-17
25 1.32E-07 0.35 0.717375 0.8 0.8 0.8 0.35 0.8 0.717375 4.53025E-11 4.81938E-17 -2.79827E-16 -4.53022E-11 1.44329E-17 4.57792E-17
25 1.32E-07 0.4 0.726012 0.8 0.8 0.8 0.4 0.8 0.726012 4.17458E-11 4.81938E-17 -1.97822E-16 -4.17456E-11 -3.55271E-17 3.11204E-17
25 1.32E-07 0.45 0.734531 0.8 0.8 0.8 0.45 0.8 0.734531 3.82771E-11 4.81938E-17 -1.15816E-16 -3.8277E-11 -3.55271E-17 -6.76113E-18
25 1.32E-07 0.5 0.742874 0.8 0.8 0.8 0.5 0.8 0.742874 3.4832E-11 4.81938E-17 -1.97822E-16 -3.48319E-11 -1.33227E-17 2.03634E-17
25 1.32E-07 0.55 0.750958 0.8 0.8 0.8 0.55 0.8 0.750958 3.13395E-11 -3.38113E-17 -1.15816E-16 -3.13394E-11 -1.33227E-17 1.38712E-17
25 1.32E-07 0.6 0.758687 0.8 0.8 0.8 0.6 0.8 0.758687 2.77353E-11 -3.38113E-17 -1.97822E-16 -2.77352E-11 -1.33227E-17 3.7936E-18
25 1.32E-07 0.65 0.766 0.8 0.8 0.8 0.65 0.8 0.766 2.39698E-11 -3.38113E-17 -3.38113E-17 -2.39697E-11 6.43929E-17 1.18512E-17
25 1.32E-07 0.7 0.773089 0.8 0.8 0.8 0.7 0.8 0.773089 1.98968E-11 -3.38113E-17 -3.38113E-17 -1.98968E-11 -3.55271E-17 3.82053E-18
25 1.32E-07 0.75 0.782059 0.8 0.8 0.8 0.75 0.8 0.782059 1.40525E-11 -3.38113E-17 -3.38113E-17 -1.40524E-11 -1.33227E-17 3.04707E-17
25 1.32E-07 0.8 0.8 0.8 0.8 0.8 0.8 0.8 0.8 1.25418E-17 -3.38113E-17 -3.38113E-17 4.91791E-17 3.66374E-17 2.50835E-17
