
25 1.76E-07 0.05 0.663305 0.8 0.8 0.8 0.05 0.8 0.663305 9.73805E-11 -1.98074E-17 -1.92643E-15 -9.73787E-11 -7.99361E-17 8.0214E-17
25 1.76E-07 0.1 0.67274 0.8 0.8 0.8 0.1 0.8 0.67274 9.02184E-11 -1.98074E-17 -1.24988E-15 -9.0217E-11 -7.99361E-17 8.14416E-17
25 1.76E-07 0.15 0.681937 0.8 0.8 0.8 0.15 0.8 0.681937 8.36724E-11 -1.98074E-17 -1.06537E-15 -8.36714E-11 -7.99361E-17 8.24747E-17
25 1.76E-07 0.2 0.690957 0.8 0.8 0.8 0.2 0.8 0.690957 7.76311E-11 4.16964E-17 -8.19357E-16 -7.76304E-11 -7.99361E-17 4.80273E-17
25 1.76E-07 0.25 0.699849 0.8 0.8 0.8 0.25 0.8 0.699849 7.20001E-11 4.16964E-17 -5.73342E-16 -7.19996E-11 -7.99361E-17 5.15284E-17
25 1.76E-07 0.3 0.708649 0.8 0.8 0.8 0.3 0.8 0.708649 6.67006E-11 -1.98074E-17 -5.11838E-16 -6.67003E-11 -7.99361E-17 2.55682E-17
25 1.76E-07 0.35 0.717372 0.8 0.8 0.8 0.35 0.8 0.717372 6.16636E-11 -1.98074E-17 -3.27327E-16 -6.16633E-11 -7.99361E-17 3.37187E-17
25 1.76E-07 0.4 0.726008 0.8 0.8 0.8 0.4 0.8 0.726008 5.68213E-11 -1.98074E-17 -2.65823E-16 -5.68211E-11 -7.99361E-17 5.96547E-17
25 1.76E-07 0.45 0.734527 0.8 0.8 0.8 0.45 0.8 0.734527 5.2099E-11 -1.98074E-17 -2.04319E-16 -5.20989E-11 -5.77316E-17 1.13898E-17
25 1.76E-07 0.5 0.742869 0.8 0.8 0.8 0.5 0.8 0.742869 4.74089E-11 -1.98074E-17 -1.42815E-16 -4.74088E-11 -5.77316E-17 3.22614E-17
25 1.76E-07 0.55 0.750953 0.8 0.8 0.8 0.55 0.8 0.750953 4.26544E-11 -1.98074E-17 -1.42815E-16 -4.26543E-11 -5.77316E-17 7.02527E-17
25 1.76E-07 0.6 0.758682 0.8 0.8 0.8 0.6 0.8 0.758682 3.77481E-11 -1.98074E-17 -8.13112E-17 -3.7748E-11 -3.55271E-17 7.02795E-17
25 1.76E-07 0.65 0.765996 0.8 0.8 0.8 0.65 0.8 0.765996 3.26225E-11 -1.98074E-17 -1.98074E-17 -3.26225E-11 -7.99361E-17 2.11582E-17
25 1.76E-07 0.7 0.773086 0.8 0.8 0.8 0.7 0.8 0.773086 2.7078E-11 -1.98074E-17 -1.98074E-17 -2.7078E-11 -5.77316E-17 3.08195E-17
25 1.76E-07 0.75 0.782058 0.8 0.8 0.8 0.75 0.8 0.782058 1.91224E-11 -1.98074E-17 -1.98074E-17 -1.91225E-11 -3.55271E-17 -4.7895E-17
25 1.76E-07 0.8 0.8 0.8 0.8 0.8 0.8 0.8 0.8 -2.39909E-17 4.16964E-17 4.16964E-17 -1.03927E-16 -7.99361E-17 -4.79817E-17
