
25 1.76E-07 0.05 0.8 0.8 0.05 0.05 0.8 0.8 0.8 -3.43843E-13 6.85697E-13 6.85697E-13 -1.02763E-12 -6.83789E-13 -6.83765E-13
25 1.76E-07 0.1 0.8 0.8 0.1 0.1 0.8 0.8 0.8 -1.35344E-13 2.69307E-13 2.69307E-13 -4.03354E-13 -2.6801E-13 -2.68011E-13
25 1.76E-07 0.15 0.8 0.8 0.15 0.15 0.8 0.8 0.8 -5.32946E-14 1.05714E-13 1.05714E-13 -1.58157E-13 -1.04863E-13 -1.04818E-13
25 1.76E-07 0.2 0.8 0.8 0.2 0.2 0.8 0.8 0.8 -2.12451E-14 4.19099E-14 4.19099E-14 -6.26254E-14 -4.13802E-14 -4.13653E-14
25 1.76E-07 0.25 0.8 0.8 0.25 0.25 0.8 0.8 0.8 -8.7797E-15 1.72211E-14 1.71903E-14 -2.57128E-14 -1.69331E-14 -1.68854E-14
25 1.76E-07 0.3 0.8 0.8 0.3 0.3 0.8 0.8 0.8 -3.88141E-15 7.53917E-15 7.53917E-15 -1.12999E-14 -7.41851E-15 -7.39012E-15
25 1.76E-07 0.35 0.8 0.8 0.35 0.35 0.8 0.8 0.8 -1.92608E-15 3.70013E-15 3.70013E-15 -5.58093E-15 -3.65485E-15 -3.65548E-15
25 1.76E-07 0.4 0.8 0.8 0.4 0.4 0.8 0.8 0.8 -1.11312E-15 2.10898E-15 2.10898E-15 -3.20256E-15 -2.08944E-15 -2.11597E-15
25 1.76E-07 0.45 0.8 0.8 0.45 0.45 0.8 0.8 0.8 -6.93482E-16 1.34514E-15 1.34514E-15 -2.03907E-15 -1.34559E-15 -1.32389E-15
25 1.76E-07 0.5 0.8 0.8 0.5 0.5 0.8 0.8 0.8 -4.96696E-16 9.78069E-16 9.78069E-16 -1.4204E-15 -9.23706E-16 -9.59752E-16
25 1.76E-07 0.55 0.8 0.8 0.55 0.55 0.8 0.8 0.8 -3.3472E-16 6.16994E-16 6.16994E-16 -1.02528E-15 -6.90559E-16 -6.54134E-16
25 1.76E-07 0.6 0.8 0.8 0.6 0.6 0.8 0.8 0.8 -2.16118E-16 3.78927E-16 3.78927E-16 -6.95734E-16 -4.79616E-16 -4.27535E-16
25 1.76E-07 0.65 0.8 0.8 0.65 0.65 0.8 0.8 0.8 -1.5952E-16 3.25371E-16 3.25371E-16 -4.72603E-16 -3.13083E-16 -3.17868E-16
25 1.76E-07 0.7 0.8 0.8 0.7 0.7 0.8 0.8 0.8 -1.02027E-16 2.10312E-16 2.10312E-16 -2.70781E-16 -1.68754E-16 -2.00229E-16
25 1.76E-07 0.75 0.8 0.8 0.75 0.75 0.8 0.8 0.8 -4.93992E-17 3.97409E-17 3.97409E-17 -1.29335E-16 -7.99361E-17 -9.47368E-17
25 1.76E-07 0.8 0.8 0.8 0.8 0.8 0.8 0.8 0.8 -1.99584E-17 -1.38147E-17 -1.38147E-17 -9.98945E-17 -7.99361E-17 -3.99168E-17
