
25 2.2E-08 1.59979E-12 1.60605E-12 1.59979E-12 1.60605E-12 1.76E-07 1.60605E-12 0 1.59979E-12 0
25 2.2E-08 -4.2783E-18 -2.43237E-18 -4.2783E-18 -2.43237E-18 2.2E-08 -2.43237E-18 0 -4.2783E-18 0
25 2.2E-08 1.59836E-11 1.59965E-11 1.59836E-11 1.59965E-11 4.4E-08 1.59965E-11 0 1.59836E-11 0
25 2.2E-08 5.86048E-12 5.86822E-12 5.86048E-12 5.86822E-12 6.6E-08 5.86822E-12 0 5.86048E-12 0
25 2.2E-08 3.53481E-12 3.54132E-12 3.53481E-12 3.54132E-12 8.8E-08 3.54132E-12 0 3.53481E-12 0
25 2.2E-08 2.10429E-12 2.11034E-12 2.10429E-12 2.11034E-12 1.32E-07 2.11034E-12 0 2.10429E-12 0
25 2.2E-08 1.59977E-12 1.60603E-12 1.59977E-12 1.60603E-12 1.76E-07 1.60603E-12 0 1.59977E-12 0
25 4.4E-08 7.7602E-13 7.77406E-13 7.7602E-13 7.77406E-13 1.76E-07 7.77406E-13 0 7.7602E-13 0
25 4.4E-08 7.05328E-20 1.62573E-18 7.05328E-20 1.62573E-18 2.2E-08 1.62573E-18 0 7.05328E-20 0
25 4.4E-08 8.41157E-12 8.41465E-12 8.41157E-12 8.41465E-12 4.4E-08 8.41465E-12 0 8.41157E-12 0
25 4.4E-08 2.93492E-12 2.93669E-12 2.93492E-12 2.93669E-12 6.6E-08 2.93669E-12 0 2.93492E-12 0
25 4.4E-08 1.73334E-12 1.7348E-12 1.73334E-12 1.7348E-12 8.8E-08 1.7348E-12 0 1.73334E-12 0
25 4.4E-08 1.01876E-12 1.02011E-12 1.01876E-12 1.02011E-12 1.32E-07 1.02011E-12 0 1.01876E-12 0
25 4.4E-08 7.76024E-13 7.77418E-13 7.76024E-13 7.77418E-13 1.76E-07 7.77418E-13 0 7.76024E-13 0
25 6.6E-08 3.28077E-13 3.28441E-13 3.28077E-13 3.28441E-13 1.76E-07 3.28441E-13 0 3.28077E-13 0
25 6.6E-08 1.07664E-11 1.07672E-11 1.07664E-11 1.07672E-11 2.2E-08 1.07672E-11 0 1.07664E-11 0
25 6.6E-08 4.06162E-12 4.06253E-12 4.06162E-12 4.06253E-12 4.4E-08 4.06253E-12 0 4.06162E-12 0
25 6.6E-08 1.33093E-12 1.33141E-12 1.33093E-12 1.33141E-12 6.6E-08 1.33141E-12 0 1.33093E-12 0
25 6.6E-08 7.62362E-13 7.62752E-13 7.62362E-13 7.62752E-13 8.8E-08 7.62752E-13 0 7.62362E-13 0
25 6.6E-08 4.35643E-13 4.35991E-13 4.35643E-13 4.35991E-13 1.32E-07 4.35991E-13 0 4.35643E-13 0
25 6.6E-08 3.28094E-13 3.28452E-13 3.28094E-13 3.28452E-13 1.76E-07 3.28452E-13 0 3.28094E-13 0
25 8.8E-08 2.15119E-13 2.15289E-13 2.15119E-13 2.15289E-13 1.76E-07 2.15289E-13 0 2.15119E-13 0
25 8.8E-08 7.74241E-12 7.74285E-12 7.74241E-12 7.74285E-12 2.2E-08 7.74285E-12 0 7.74241E-12 0
25 8.8E-08 2.8454E-12 2.84586E-12 2.8454E-12 2.84586E-12 4.4E-08 2.84586E-12 0 2.8454E-12 0
25 8.8E-08 9.03898E-13 9.04135E-13 9.03898E-13 9.04135E-13 6.6E-08 9.04135E-13 0 9.03898E-13 0
25 8.8E-08 5.09958E-13 5.10136E-13 5.09958E-13 5.10136E-13 8.8E-08 5.10136E-13 0 5.09958E-13 0
25 8.8E-08 2.87315E-13 2.87484E-13 2.87315E-13 2.87484E-13 1.32E-07 2.87484E-13 0 2.87315E-13 0
25 8.8E-08 2.15115E-13 2.15289E-13 2.15115E-13 2.15289E-13 1.76E-07 2.15289E-13 0 2.15115E-13 0
25 1.32E-07 1.41825E-13 1.4189E-13 1.41825E-13 1.4189E-13 1.76E-07 1.4189E-13 0 1.41825E-13 0
25 1.32E-07 5.59479E-12 5.59499E-12 5.59479E-12 5.59499E-12 2.2E-08 5.59499E-12 0 5.59479E-12 0
25 1.32E-07 2.00364E-12 2.00384E-12 2.00364E-12 2.00384E-12 4.4E-08 2.00384E-12 0 2.00364E-12 0
25 1.32E-07 6.17233E-13 6.17336E-13 6.17233E-13 6.17336E-13 6.6E-08 6.17336E-13 0 6.17233E-13 0
25 1.32E-07 3.43004E-13 3.43078E-13 3.43004E-13 3.43078E-13 8.8E-08 3.43078E-13 0 3.43004E-13 0
25 1.32E-07 1.90549E-13 1.90614E-13 1.90549E-13 1.90614E-13 1.32E-07 1.90614E-13 0 1.90549E-13 0
25 1.32E-07 1.41822E-13 1.41893E-13 1.41822E-13 1.41893E-13 1.76E-07 1.41893E-13 0 1.41822E-13 0
25 1.76E-07 1.15377E-13 1.15417E-13 1.15377E-13 1.15417E-13 1.76E-07 1.15417E-13 0 1.15377E-13 0
25 1.76E-07 4.76468E-12 4.76481E-12 4.76468E-12 4.76481E-12 2.2E-08 4.76481E-12 0 4.76468E-12 0
25 1.76E-07 1.68456E-12 1.68469E-12 1.68456E-12 1.68469E-12 4.4E-08 1.68469E-12 0 1.68456E-12 0
25 1.76E-07 5.11054E-13 5.11121E-13 5.11054E-13 5.11121E-13 6.6E-08 5.11121E-13 0 5.11054E-13 0
25 1.76E-07 2.81874E-13 2.81919E-13 2.81874E-13 2.81919E-13 8.8E-08 2.81919E-13 0 2.81874E-13 0
25 1.76E-07 1.55484E-13 1.55522E-13 1.55484E-13 1.55522E-13 1.32E-07 1.55522E-13 0 1.55484E-13 0
25 1.76E-07 1.15391E-13 1.15428E-13 1.15391E-13 1.15428E-13 1.76E-07 1.15428E-13 0 1.15391E-13 0
