
25 2.2E-08 0.05 0.05 0.0164939 0 0 0 0 0 -5.67746E-12 1.25284E-14 2.58232E-15 5.66235E-12 3.24897E-18 1.15739E-18
25 2.2E-08 0.1 0.1 0.023234 0 0 0 0 0 -7.52163E-12 3.10077E-14 3.82652E-15 7.48679E-12 3.84758E-18 1.45436E-18
25 2.2E-08 0.15 0.15 0.0284196 0 0 0 0 0 -8.77674E-12 5.85369E-14 4.86208E-15 8.71333E-12 4.07652E-18 1.63547E-18
25 2.2E-08 0.2 0.2 0.0337943 0 0 0 0 0 -9.94467E-12 9.77963E-14 6.00943E-15 9.84086E-12 4.24219E-18 1.78853E-18
25 2.2E-08 0.25 0.25 0.039515 0 0 0 0 0 -1.10638E-11 1.5165E-13 7.31573E-15 1.09049E-11 4.38219E-18 1.92007E-18
25 2.2E-08 0.3 0.3 0.0455589 0 0 0 0 0 -1.21401E-11 2.23464E-13 8.79391E-15 1.19078E-11 4.50167E-18 2.03092E-18
25 2.2E-08 0.35 0.35 0.0518682 0 0 0 0 0 -1.31845E-11 3.17216E-13 1.04478E-14 1.28568E-11 4.60235E-18 2.12229E-18
25 2.2E-08 0.4 0.4 0.0583814 0 0 0 0 0 -1.42151E-11 4.3761E-13 1.22776E-14 1.37652E-11 4.68632E-18 2.19621E-18
25 2.2E-08 0.45 0.45 0.0650452 0 0 0 0 0 -1.52531E-11 5.9019E-13 1.42826E-14 1.46486E-11 4.75614E-18 2.25522E-18
25 2.2E-08 0.5 0.5 0.0718195 0 0 0 0 0 -1.63201E-11 7.81485E-13 1.64632E-14 1.55221E-11 4.81446E-18 2.30193E-18
25 2.2E-08 0.55 0.55 0.0786769 0 0 0 0 0 -1.74368E-11 1.01916E-12 1.88215E-14 1.63988E-11 4.86377E-18 2.33879E-18
25 2.2E-08 0.6 0.6 0.0856012 0 0 0 0 0 -1.86228E-11 1.3122E-12 2.13622E-14 1.72892E-11 4.90621E-18 2.36791E-18
25 2.2E-08 0.65 0.65 0.092585 0 0 0 0 0 -1.98976E-11 1.67112E-12 2.40922E-14 1.82023E-11 4.94354E-18 2.39102E-18
25 2.2E-08 0.7 0.7 0.099627 0 0 0 0 0 -2.12811E-11 2.1082E-12 2.7021E-14 1.91459E-11 4.97715E-18 2.40954E-18
25 2.2E-08 0.75 0.75 0.10673 0 0 0 0 0 -2.27947E-11 2.63773E-12 3.01605E-14 2.01268E-11 5.00807E-18 2.42458E-18
25 2.2E-08 0.8 0.8 0.113901 0 0 0 0 0 -2.44615E-11 3.27637E-12 3.35246E-14 2.11516E-11 5.03709E-18 2.43702E-18
