
25 8.8E-08 0.05 0.05 0.0164953 0 0 0 0 0 -2.85477E-11 8.14363E-14 1.67867E-14 2.84495E-11 1.04623E-17 3.7305E-18
25 8.8E-08 0.1 0.1 0.0232328 0 0 0 0 0 -3.7846E-11 2.01549E-13 2.48708E-14 3.76196E-11 1.23928E-17 4.68767E-18
25 8.8E-08 0.15 0.15 0.0284117 0 0 0 0 0 -4.41934E-11 3.80479E-13 3.15929E-14 4.37813E-11 1.31366E-17 5.27128E-18
25 8.8E-08 0.2 0.2 0.0337811 0 0 0 0 0 -5.01233E-11 6.35657E-13 3.90423E-14 4.94486E-11 1.36795E-17 5.76503E-18
25 8.8E-08 0.25 0.25 0.0394976 0 0 0 0 0 -5.58317E-11 9.857E-13 4.75254E-14 5.47984E-11 1.41421E-17 6.18994E-18
25 8.8E-08 0.3 0.3 0.0455382 0 0 0 0 0 -6.13511E-11 1.45248E-12 5.71264E-14 5.98415E-11 1.45406E-17 6.54863E-18
25 8.8E-08 0.35 0.35 0.0518453 0 0 0 0 0 -6.6742E-11 2.06186E-12 6.78703E-14 6.46123E-11 1.48803E-17 6.84495E-18
25 8.8E-08 0.4 0.4 0.0583572 0 0 0 0 0 -7.21014E-11 2.84442E-12 7.97586E-14 6.91772E-11 1.51679E-17 7.0854E-18
25 8.8E-08 0.45 0.45 0.0650203 0 0 0 0 0 -7.75444E-11 3.83619E-12 9.27867E-14 7.36154E-11 1.54116E-17 7.27814E-18
25 8.8E-08 0.5 0.5 0.0717944 0 0 0 0 0 -8.31895E-11 5.0796E-12 1.06957E-13 7.8003E-11 1.562E-17 7.43161E-18
25 8.8E-08 0.55 0.55 0.0786518 0 0 0 0 0 -8.9152E-11 6.62449E-12 1.22282E-13 8.24052E-11 1.58012E-17 7.55366E-18
25 8.8E-08 0.6 0.6 0.0855762 0 0 0 0 0 -9.55442E-11 8.52926E-12 1.38793E-13 8.68761E-11 1.59622E-17 7.6511E-18
25 8.8E-08 0.65 0.65 0.0925602 0 0 0 0 0 -1.0248E-10 1.08622E-11 1.56534E-13 9.14607E-11 1.61088E-17 7.72958E-18
25 8.8E-08 0.7 0.7 0.0996023 0 0 0 0 0 -1.10077E-10 1.37032E-11 1.75568E-13 9.61979E-11 1.62453E-17 7.79366E-18
25 8.8E-08 0.75 0.75 0.106706 0 0 0 0 0 -1.18464E-10 1.71452E-11 1.9597E-13 1.01123E-10 1.63751E-17 7.84696E-18
25 8.8E-08 0.8 0.8 0.113876 0 0 0 0 0 -1.27782E-10 2.12964E-11 2.17832E-13 1.06268E-10 1.65005E-17 7.89235E-18
